primary: steps=150 | 02 44 A8 40 05 44 A8 44 60 5E 84 65 64 10 45 51 88 07 66 12 20 10 35 46 64 12 34 52 64 5E 39 64 52 5A 37 6E 50 51 00 01 53 46 6A 11 31 64 14 25 0C 52 6D 12 6E 13 0E 35 6E 12 52 67 44 02 4A AB 47 65 AC 45 25 34 67 AC 47 25 34 10 57 33 6C 50 58 33 6C 50 67 64 10 47 63 03 40 00 65 60 0B 0E 04 10 15 13 35 6D 12 34 14 6D 12 10 5D 92 04 15 12 07 00 00 67 10 3A 41 62 61 53 46 50 50 5E 8D 65 44 01 4A AB 45 67 44 01 4A AB 47 89 5C 59 65 44 02 4A AB 45 89 || setup 00 45 47 41 03 42 02 05 43 01 00 4D 01 00 00 00 4E 08 05 00 0B 4C 01 07 48 06 05 49 02 08 4B 3B 46 50
aggressiveTerminalDirect: steps=150 | 02 44 A8 40 05 44 A8 44 60 5E 84 65 64 10 45 51 88 07 66 12 20 10 35 46 64 12 34 52 64 5E 39 64 52 5A 37 6E 50 51 00 01 53 46 6A 11 31 64 14 25 0C 52 6D 12 6E 13 0E 35 6E 12 52 67 44 02 4A AB 47 65 AC 45 25 34 67 AC 47 25 34 10 57 33 6C 50 58 33 6C 50 67 64 10 47 63 03 40 00 65 60 0B 0E 04 10 15 13 35 6D 12 34 14 6D 12 10 5D 92 04 15 12 07 00 00 67 10 3A 41 62 61 53 46 50 50 5E 8D 65 44 01 4A AB 45 67 44 01 4A AB 47 89 5C 59 65 44 02 4A AB 45 89 || setup 00 45 47 41 03 42 02 05 43 01 00 4D 01 00 00 00 4E 08 05 00 0B 4C 01 07 48 06 05 49 02 08 4B 3B 46 50
invertBranchOrder: steps=150 | 02 45 A7 40 05 45 A7 45 60 5E 54 61 65 10 41 51 58 07 66 12 20 10 35 46 65 12 34 52 65 5E 44 65 52 51 00 6D 12 6E 13 0E 35 6E 12 52 01 AC 6A 11 31 65 14 25 0C 52 64 65 10 44 63 03 40 00 61 60 0B 0E 04 10 15 13 35 6D 12 34 14 6D 12 10 5D 62 6B 12 69 10 64 10 3A 40 62 60 AC 50 50 57 71 5C 69 61 45 02 4A A8 41 51 7D 64 45 02 4A A8 44 51 7D 61 45 01 4A A8 41 64 45 01 4A A8 44 61 53 35 41 25 34 64 53 35 44 25 34 10 57 92 6C 50 58 92 6C 50 5A 33 6E 50 || setup 00 41 44 40 45 03 42 02 05 43 01 00 4D 01 07 47 01 00 00 00 4E 07 00 00 00 49 01 00 00 00 00 4B 08 05 00 0B 4C 02 08 48 3B 46 50
aggressiveTerminalDirect+invertBranchOrder: steps=150 | 02 45 A7 40 05 45 A7 45 60 5E 54 61 65 10 41 51 58 07 66 12 20 10 35 46 65 12 34 52 65 5E 44 65 52 51 00 6D 12 6E 13 0E 35 6E 12 52 01 AC 6A 11 31 65 14 25 0C 52 64 65 10 44 63 03 40 00 61 60 0B 0E 04 10 15 13 35 6D 12 34 14 6D 12 10 5D 62 6B 12 69 10 64 10 3A 40 62 60 AC 50 50 57 71 5C 69 61 45 02 4A A8 41 51 7D 64 45 02 4A A8 44 51 7D 61 45 01 4A A8 41 64 45 01 4A A8 44 61 53 35 41 25 34 64 53 35 44 25 34 10 57 92 6C 50 58 92 6C 50 5A 33 6E 50 || setup 00 41 44 40 45 03 42 02 05 43 01 00 4D 01 07 47 01 00 00 00 4E 07 00 00 00 49 01 00 00 00 00 4B 08 05 00 0B 4C 02 08 48 3B 46 50
hoistSharedHelpers: steps=150 | 02 44 A8 40 05 44 A8 44 60 5E 84 65 64 10 45 51 88 07 66 12 20 10 35 46 64 12 34 52 64 5E 39 64 52 5A 37 6E 50 51 00 01 53 46 6A 11 31 64 14 25 0C 52 6D 12 6E 13 0E 35 6E 12 52 67 44 02 4A AB 47 65 AC 45 25 34 67 AC 47 25 34 10 57 33 6C 50 58 33 6C 50 67 64 10 47 63 03 40 00 65 60 0B 0E 04 10 15 13 35 6D 12 34 14 6D 12 10 5D 92 04 15 12 07 00 00 67 10 3A 41 62 61 53 46 50 50 5E 8D 65 44 01 4A AB 45 67 44 01 4A AB 47 89 5C 59 65 44 02 4A AB 45 89 || setup 00 45 47 41 03 42 02 05 43 01 00 4D 01 00 00 00 4E 08 05 00 0B 4C 01 07 48 06 05 49 02 08 4B 3B 46 50
hoistSharedHelpers+hoistProcs: steps=150 | 8C 64 5E 30 64 52 5A 95 6E 50 6D 12 6E 13 0E 35 6E 12 52 07 66 12 20 10 35 46 64 12 34 52 01 AB 6A 11 31 64 14 25 0C 52 5C 7C 65 44 02 4A A8 45 51 82 02 44 A9 40 05 44 A9 44 60 5E 67 65 64 10 45 51 71 67 64 10 47 63 03 40 00 65 60 0B 0E 04 10 15 13 35 6D 12 34 14 6D 12 10 5D 75 04 15 12 07 00 00 67 10 3A 41 62 61 AB 50 50 5E 40 65 44 01 4A A8 45 67 44 01 4A A8 47 51 82 67 44 02 4A A8 47 65 AD 45 25 34 67 AD 47 25 34 10 57 06 6C 50 58 06 6C 50 8C || setup 00 45 47 41 03 42 02 05 43 01 00 4D 01 00 00 00 4E 08 05 00 0B 4C 01 48 01 09 49 03 06 4B 3B 46 50
canonicalizeIfChains: steps=150 | 02 44 A8 40 05 44 A8 44 60 5E 84 65 64 10 45 51 88 07 66 12 20 10 35 46 64 12 34 52 64 5E 39 64 52 5A 37 6E 50 51 00 01 53 46 6A 11 31 64 14 25 0C 52 6D 12 6E 13 0E 35 6E 12 52 67 44 02 4A AB 47 65 AC 45 25 34 67 AC 47 25 34 10 57 33 6C 50 58 33 6C 50 67 64 10 47 63 03 40 00 65 60 0B 0E 04 10 15 13 35 6D 12 34 14 6D 12 10 5D 92 04 15 12 07 00 00 67 10 3A 41 62 61 53 46 50 50 5E 8D 65 44 01 4A AB 45 67 44 01 4A AB 47 89 5C 59 65 44 02 4A AB 45 89 || setup 00 45 47 41 03 42 02 05 43 01 00 4D 01 00 00 00 4E 08 05 00 0B 4C 01 07 48 06 05 49 02 08 4B 3B 46 50
freeResidualDispatchScratch: steps=150 | 02 44 A8 40 05 44 A8 44 60 5E 84 65 64 10 45 51 88 07 66 12 20 10 35 46 64 12 34 52 64 5E 39 64 52 5A 37 6E 50 51 00 01 53 46 6A 11 31 64 14 25 0C 52 6D 12 6E 13 0E 35 6E 12 52 67 44 02 4A AB 47 65 AC 45 25 34 67 AC 47 25 34 10 57 33 6C 50 58 33 6C 50 67 64 10 47 63 03 40 00 65 60 0B 0E 04 10 15 13 35 6D 12 34 14 6D 12 10 5D 92 04 15 12 07 00 00 67 10 3A 41 62 61 53 46 50 50 5E 8D 65 44 01 4A AB 45 67 44 01 4A AB 47 89 5C 59 65 44 02 4A AB 45 89 || setup 00 45 47 41 03 42 02 05 43 01 00 4D 01 00 00 00 4E 08 05 00 0B 4C 01 07 48 06 05 49 02 08 4B 3B 46 50
aliasXReuse: steps=150 | 02 44 A8 40 05 44 A8 44 60 5E 84 65 64 10 45 51 88 07 66 12 20 10 35 46 64 12 34 52 64 5E 39 64 52 5A 37 6E 50 51 00 01 53 46 6A 11 31 64 14 25 0C 52 6D 12 6E 13 0E 35 6E 12 52 67 44 02 4A AB 47 65 AC 45 25 34 67 AC 47 25 34 10 57 33 6C 50 58 33 6C 50 67 64 10 47 63 03 40 00 65 60 0B 0E 04 10 15 13 35 6D 12 34 14 6D 12 10 5D 92 04 15 12 07 00 00 67 10 3A 41 62 61 53 46 50 50 5E 8D 65 44 01 4A AB 45 67 44 01 4A AB 47 89 5C 59 65 44 02 4A AB 45 89 || setup 00 45 47 41 03 42 02 05 43 01 00 4D 01 00 00 00 4E 08 05 00 0B 4C 01 07 48 06 05 49 02 08 4B 3B 46 50
coalesceCopies: steps=150 | 02 44 A8 40 05 44 A8 44 60 5E 84 65 64 10 45 51 88 07 66 12 20 10 35 46 64 12 34 52 64 5E 39 64 52 5A 37 6E 50 51 00 01 53 46 6A 11 31 64 14 25 0C 52 6D 12 6E 13 0E 35 6E 12 52 67 44 02 4A AB 47 65 AC 45 25 34 67 AC 47 25 34 10 57 33 6C 50 58 33 6C 50 67 64 10 47 63 03 40 00 65 60 0B 0E 04 10 15 13 35 6D 12 34 14 6D 12 10 5D 92 04 15 12 07 00 00 67 10 3A 41 62 61 53 46 50 50 5E 8D 65 44 01 4A AB 45 67 44 01 4A AB 47 89 5C 59 65 44 02 4A AB 45 89 || setup 00 45 47 41 03 42 02 05 43 01 00 4D 01 00 00 00 4E 08 05 00 0B 4C 01 07 48 06 05 49 02 08 4B 3B 46 50
freeResidualDispatchScratch+canonicalizeIfChains: steps=150 | 02 44 A8 40 05 44 A8 44 60 5E 84 65 64 10 45 51 88 07 66 12 20 10 35 46 64 12 34 52 64 5E 39 64 52 5A 37 6E 50 51 00 01 53 46 6A 11 31 64 14 25 0C 52 6D 12 6E 13 0E 35 6E 12 52 67 44 02 4A AB 47 65 AC 45 25 34 67 AC 47 25 34 10 57 33 6C 50 58 33 6C 50 67 64 10 47 63 03 40 00 65 60 0B 0E 04 10 15 13 35 6D 12 34 14 6D 12 10 5D 92 04 15 12 07 00 00 67 10 3A 41 62 61 53 46 50 50 5E 8D 65 44 01 4A AB 45 67 44 01 4A AB 47 89 5C 59 65 44 02 4A AB 45 89 || setup 00 45 47 41 03 42 02 05 43 01 00 4D 01 00 00 00 4E 08 05 00 0B 4C 01 07 48 06 05 49 02 08 4B 3B 46 50
repeatedUnaryUpdateArgTemp: steps=150 | 02 44 A8 40 05 44 A8 44 60 5E 84 65 64 10 45 51 88 07 66 12 20 10 35 46 64 12 34 52 64 5E 39 64 52 5A 37 6E 50 51 00 01 53 46 6A 11 31 64 14 25 0C 52 6D 12 6E 13 0E 35 6E 12 52 67 44 02 4A AB 47 65 AC 45 25 34 67 AC 47 25 34 10 57 33 6C 50 58 33 6C 50 67 64 10 47 63 03 40 00 65 60 0B 0E 04 10 15 13 35 6D 12 34 14 6D 12 10 5D 92 04 15 12 07 00 00 67 10 3A 41 62 61 53 46 50 50 5E 8D 65 44 01 4A AB 45 67 44 01 4A AB 47 89 5C 59 65 44 02 4A AB 45 89 || setup 00 45 47 41 03 42 02 05 43 01 00 4D 01 00 00 00 4E 08 05 00 0B 4C 01 07 48 06 05 49 02 08 4B 3B 46 50
xParamValueFunction: steps=150 | 02 44 A8 40 05 44 A8 44 60 5E 84 65 64 10 45 51 88 07 66 12 20 10 35 46 64 12 34 52 64 5E 39 64 52 5A 37 6E 50 51 00 01 53 46 6A 11 31 64 14 25 0C 52 6D 12 6E 13 0E 35 6E 12 52 67 44 02 4A AB 47 65 AC 45 25 34 67 AC 47 25 34 10 57 33 6C 50 58 33 6C 50 67 64 10 47 63 03 40 00 65 60 0B 0E 04 10 15 13 35 6D 12 34 14 6D 12 10 5D 92 04 15 12 07 00 00 67 10 3A 41 62 61 53 46 50 50 5E 8D 65 44 01 4A AB 45 67 44 01 4A AB 47 89 5C 59 65 44 02 4A AB 45 89 || setup 00 45 47 41 03 42 02 05 43 01 00 4D 01 00 00 00 4E 08 05 00 0B 4C 01 07 48 06 05 49 02 08 4B 3B 46 50
xParamValueFunction+repeatedUnaryUpdateArgTemp: steps=150 | 02 44 A8 40 05 44 A8 44 60 5E 84 65 64 10 45 51 88 07 66 12 20 10 35 46 64 12 34 52 64 5E 39 64 52 5A 37 6E 50 51 00 01 53 46 6A 11 31 64 14 25 0C 52 6D 12 6E 13 0E 35 6E 12 52 67 44 02 4A AB 47 65 AC 45 25 34 67 AC 47 25 34 10 57 33 6C 50 58 33 6C 50 67 64 10 47 63 03 40 00 65 60 0B 0E 04 10 15 13 35 6D 12 34 14 6D 12 10 5D 92 04 15 12 07 00 00 67 10 3A 41 62 61 53 46 50 50 5E 8D 65 44 01 4A AB 45 67 44 01 4A AB 47 89 5C 59 65 44 02 4A AB 45 89 || setup 00 45 47 41 03 42 02 05 43 01 00 4D 01 00 00 00 4E 08 05 00 0B 4C 01 07 48 06 05 49 02 08 4B 3B 46 50
xParamValueFunction+repeatedUnaryUpdateArgTemp+coalesceCopies: steps=150 | 02 44 A8 40 05 44 A8 44 60 5E 84 65 64 10 45 51 88 07 66 12 20 10 35 46 64 12 34 52 64 5E 39 64 52 5A 37 6E 50 51 00 01 53 46 6A 11 31 64 14 25 0C 52 6D 12 6E 13 0E 35 6E 12 52 67 44 02 4A AB 47 65 AC 45 25 34 67 AC 47 25 34 10 57 33 6C 50 58 33 6C 50 67 64 10 47 63 03 40 00 65 60 0B 0E 04 10 15 13 35 6D 12 34 14 6D 12 10 5D 92 04 15 12 07 00 00 67 10 3A 41 62 61 53 46 50 50 5E 8D 65 44 01 4A AB 45 67 44 01 4A AB 47 89 5C 59 65 44 02 4A AB 45 89 || setup 00 45 47 41 03 42 02 05 43 01 00 4D 01 00 00 00 4E 08 05 00 0B 4C 01 07 48 06 05 49 02 08 4B 3B 46 50
shareRandomCell: steps=150 | 02 44 A8 40 05 44 A8 44 60 5E 84 65 64 10 45 51 88 07 66 12 20 10 35 46 64 12 34 52 64 5E 39 64 52 5A 37 6E 50 51 00 01 53 46 6A 11 31 64 14 25 0C 52 6D 12 6E 13 0E 35 6E 12 52 67 44 02 4A AB 47 65 AC 45 25 34 67 AC 47 25 34 10 57 33 6C 50 58 33 6C 50 67 64 10 47 63 03 40 00 65 60 0B 0E 04 10 15 13 35 6D 12 34 14 6D 12 10 5D 92 04 15 12 07 00 00 67 10 3A 41 62 61 53 46 50 50 5E 8D 65 44 01 4A AB 45 67 44 01 4A AB 47 89 5C 59 65 44 02 4A AB 45 89 || setup 00 45 47 41 03 42 02 05 43 01 00 4D 01 00 00 00 4E 08 05 00 0B 4C 01 07 48 06 05 49 02 08 4B 3B 46 50
shareRandomCell+hoistSharedHelpers: steps=150 | 02 44 A8 40 05 44 A8 44 60 5E 84 65 64 10 45 51 88 07 66 12 20 10 35 46 64 12 34 52 64 5E 39 64 52 5A 37 6E 50 51 00 01 53 46 6A 11 31 64 14 25 0C 52 6D 12 6E 13 0E 35 6E 12 52 67 44 02 4A AB 47 65 AC 45 25 34 67 AC 47 25 34 10 57 33 6C 50 58 33 6C 50 67 64 10 47 63 03 40 00 65 60 0B 0E 04 10 15 13 35 6D 12 34 14 6D 12 10 5D 92 04 15 12 07 00 00 67 10 3A 41 62 61 53 46 50 50 5E 8D 65 44 01 4A AB 45 67 44 01 4A AB 47 89 5C 59 65 44 02 4A AB 45 89 || setup 00 45 47 41 03 42 02 05 43 01 00 4D 01 00 00 00 4E 08 05 00 0B 4C 01 07 48 06 05 49 02 08 4B 3B 46 50
tailBranchInversion: steps=150 | 02 44 A8 40 05 44 A8 44 60 5E 84 65 64 10 45 51 88 07 66 12 20 10 35 46 64 12 34 52 64 5E 39 64 52 5A 37 6E 50 51 00 01 53 46 6A 11 31 64 14 25 0C 52 6D 12 6E 13 0E 35 6E 12 52 67 44 02 4A AB 47 65 AC 45 25 34 67 AC 47 25 34 10 57 33 6C 50 58 33 6C 50 67 64 10 47 63 03 40 00 65 60 0B 0E 04 10 15 13 35 6D 12 34 14 6D 12 10 5D 92 04 15 12 07 00 00 67 10 3A 41 62 61 53 46 50 50 5E 8D 65 44 01 4A AB 45 67 44 01 4A AB 47 89 5C 59 65 44 02 4A AB 45 89 || setup 00 45 47 41 03 42 02 05 43 01 00 4D 01 00 00 00 4E 08 05 00 0B 4C 01 07 48 06 05 49 02 08 4B 3B 46 50
hoistSharedHelpers+canonicalizeIfChains+tailBranchInversion: steps=150 | 02 44 A8 40 05 44 A8 44 60 5E 84 65 64 10 45 51 88 07 66 12 20 10 35 46 64 12 34 52 64 5E 39 64 52 5A 37 6E 50 51 00 01 53 46 6A 11 31 64 14 25 0C 52 6D 12 6E 13 0E 35 6E 12 52 67 44 02 4A AB 47 65 AC 45 25 34 67 AC 47 25 34 10 57 33 6C 50 58 33 6C 50 67 64 10 47 63 03 40 00 65 60 0B 0E 04 10 15 13 35 6D 12 34 14 6D 12 10 5D 92 04 15 12 07 00 00 67 10 3A 41 62 61 53 46 50 50 5E 8D 65 44 01 4A AB 45 67 44 01 4A AB 47 89 5C 59 65 44 02 4A AB 45 89 || setup 00 45 47 41 03 42 02 05 43 01 00 4D 01 00 00 00 4E 08 05 00 0B 4C 01 07 48 06 05 49 02 08 4B 3B 46 50
guardedPrologueGadgets: steps=150 | 02 44 A8 40 05 44 A8 44 60 5E 84 65 64 10 45 51 88 07 66 12 20 10 35 46 64 12 34 52 64 5E 39 64 52 5A 37 6E 50 51 00 01 53 46 6A 11 31 64 14 25 0C 52 6D 12 6E 13 0E 35 6E 12 52 67 44 02 4A AB 47 65 AC 45 25 34 67 AC 47 25 34 10 57 33 6C 50 58 33 6C 50 67 64 10 47 63 03 40 00 65 60 0B 0E 04 10 15 13 35 6D 12 34 14 6D 12 10 5D 92 04 15 12 07 00 00 67 10 3A 41 62 61 53 46 50 50 5E 8D 65 44 01 4A AB 45 67 44 01 4A AB 47 89 5C 59 65 44 02 4A AB 45 89 || setup 00 45 47 41 03 42 02 05 43 01 00 4D 01 00 00 00 4E 08 05 00 0B 4C 01 07 48 06 05 49 02 08 4B 3B 46 50
guardedPrologueGadgets+hoistSharedHelpers+hoistProcs: steps=150 | 8C 64 5E 30 64 52 5A 95 6E 50 6D 12 6E 13 0E 35 6E 12 52 07 66 12 20 10 35 46 64 12 34 52 01 AB 6A 11 31 64 14 25 0C 52 5C 7C 65 44 02 4A A8 45 51 82 02 44 A9 40 05 44 A9 44 60 5E 67 65 64 10 45 51 71 67 64 10 47 63 03 40 00 65 60 0B 0E 04 10 15 13 35 6D 12 34 14 6D 12 10 5D 75 04 15 12 07 00 00 67 10 3A 41 62 61 AB 50 50 5E 40 65 44 01 4A A8 45 67 44 01 4A A8 47 51 82 67 44 02 4A A8 47 65 AD 45 25 34 67 AD 47 25 34 10 57 06 6C 50 58 06 6C 50 8C || setup 00 45 47 41 03 42 02 05 43 01 00 4D 01 00 00 00 4E 08 05 00 0B 4C 01 48 01 09 49 03 06 4B 3B 46 50
sharedBitMaskHelperCalls: steps=150 | 02 44 A8 40 05 44 A8 44 60 5E 84 65 64 10 45 51 88 07 66 12 20 10 35 46 64 12 34 52 64 5E 39 64 52 5A 37 6E 50 51 00 01 53 46 6A 11 31 64 14 25 0C 52 6D 12 6E 13 0E 35 6E 12 52 67 44 02 4A AB 47 65 AC 45 25 34 67 AC 47 25 34 10 57 33 6C 50 58 33 6C 50 67 64 10 47 63 03 40 00 65 60 0B 0E 04 10 15 13 35 6D 12 34 14 6D 12 10 5D 92 04 15 12 07 00 00 67 10 3A 41 62 61 53 46 50 50 5E 8D 65 44 01 4A AB 45 67 44 01 4A AB 47 89 5C 59 65 44 02 4A AB 45 89 || setup 00 45 47 41 03 42 02 05 43 01 00 4D 01 00 00 00 4E 08 05 00 0B 4C 01 07 48 06 05 49 02 08 4B 3B 46 50
sharedBitMaskHelperCalls+hoistSharedHelpers: steps=150 | 02 44 A8 40 05 44 A8 44 60 5E 84 65 64 10 45 51 88 07 66 12 20 10 35 46 64 12 34 52 64 5E 39 64 52 5A 37 6E 50 51 00 01 53 46 6A 11 31 64 14 25 0C 52 6D 12 6E 13 0E 35 6E 12 52 67 44 02 4A AB 47 65 AC 45 25 34 67 AC 47 25 34 10 57 33 6C 50 58 33 6C 50 67 64 10 47 63 03 40 00 65 60 0B 0E 04 10 15 13 35 6D 12 34 14 6D 12 10 5D 92 04 15 12 07 00 00 67 10 3A 41 62 61 53 46 50 50 5E 8D 65 44 01 4A AB 45 67 44 01 4A AB 47 89 5C 59 65 44 02 4A AB 45 89 || setup 00 45 47 41 03 42 02 05 43 01 00 4D 01 00 00 00 4E 08 05 00 0B 4C 01 07 48 06 05 49 02 08 4B 3B 46 50
