primary: steps=105 | 50 45 53 82 66 37 35 57 22 3A 66 37 46 58 18 08 0B 50 62 0B 51 59 4D 65 6C 13 35 6C 12 0B 48 01 44 6C AE 65 6C 13 34 0B 12 48 6C 44 AE 6A 48 67 44 01 09 AE 69 48 09 44 01 09 AE 50 8B 43 65 68 10 53 82 66 37 35 32 68 64 10 48 14 6D 10 4D 5A 62 52 0E 04 13 40 35 04 12 0E 02 24 6B 10 34 60 34 15 6C 12 13 0E 08 10 52 || setup 14 42 14 09 01 1D 18 00 41 01 00 4C 01 01 47 00 0A 05 4B 09 09 0B 4A 08 01 0B 49 06 01 4E 3B 09 09 09 12 0E 35 11 46 50
aggressiveTerminalDirect: steps=105 | 50 45 53 82 66 37 35 57 22 3A 66 37 46 58 18 08 0B 50 62 0B 51 59 4D 65 6C 13 35 6C 12 0B 48 01 44 6C AE 65 6C 13 34 0B 12 48 6C 44 AE 6A 48 67 44 01 09 AE 69 48 09 44 01 09 AE 50 8B 43 65 68 10 53 82 66 37 35 32 68 64 10 48 14 6D 10 4D 5A 62 52 0E 04 13 40 35 04 12 0E 02 24 6B 10 34 60 34 15 6C 12 13 0E 08 10 52 || setup 14 42 14 09 01 1D 18 00 41 01 00 4C 01 01 47 00 0A 05 4B 09 09 0B 4A 08 01 0B 49 06 01 4E 3B 09 09 09 12 0E 35 11 46 50
invertBranchOrder: steps=105 | 50 45 53 82 66 37 35 57 22 3A 66 37 46 58 18 08 0B 50 62 0B 51 59 4D 65 6C 13 35 6C 12 0B 48 01 44 6C AE 65 6C 13 34 0B 12 48 6C 44 AE 6A 48 67 44 01 09 AE 69 48 09 44 01 09 AE 50 8B 43 65 68 10 53 82 66 37 35 32 68 64 10 48 14 6D 10 4D 5A 62 52 0E 04 13 40 35 04 12 0E 02 24 6B 10 34 60 34 15 6C 12 13 0E 08 10 52 || setup 14 42 14 09 01 1D 18 00 41 01 00 4C 01 01 47 00 0A 05 4B 09 09 0B 4A 08 01 0B 49 06 01 4E 3B 09 09 09 12 0E 35 11 46 50
aggressiveTerminalDirect+invertBranchOrder: steps=105 | 50 45 53 82 66 37 35 57 22 3A 66 37 46 58 18 08 0B 50 62 0B 51 59 4D 65 6C 13 35 6C 12 0B 48 01 44 6C AE 65 6C 13 34 0B 12 48 6C 44 AE 6A 48 67 44 01 09 AE 69 48 09 44 01 09 AE 50 8B 43 65 68 10 53 82 66 37 35 32 68 64 10 48 14 6D 10 4D 5A 62 52 0E 04 13 40 35 04 12 0E 02 24 6B 10 34 60 34 15 6C 12 13 0E 08 10 52 || setup 14 42 14 09 01 1D 18 00 41 01 00 4C 01 01 47 00 0A 05 4B 09 09 0B 4A 08 01 0B 49 06 01 4E 3B 09 09 09 12 0E 35 11 46 50
hoistSharedHelpers: steps=107 | 51 23 43 65 68 10 53 84 66 37 35 32 68 64 10 48 14 6D 10 4D 5A 03 52 50 45 53 84 66 37 35 57 44 3A 66 37 46 58 41 08 0B 50 62 0B 89 4D 65 6C 13 35 6C 12 0B 48 01 44 6C AE 65 6C 13 34 0B 12 48 6C 44 AE 6A 48 67 44 01 09 AE 69 48 09 44 01 09 AE 50 51 23 0E 04 13 40 35 04 12 0E 02 24 6B 10 34 60 34 15 6C 12 13 0E 08 10 52 || setup 14 42 14 09 01 1D 18 00 41 01 00 4C 01 01 47 00 0A 05 4B 09 09 0B 4A 08 01 0B 49 02 4E 3B 09 09 09 12 0E 35 11 46 50
hoistSharedHelpers+hoistProcs: steps=107 | 51 23 43 65 68 10 53 84 66 37 35 32 68 64 10 48 14 6D 10 4D 5A 03 52 50 45 53 84 66 37 35 57 44 3A 66 37 46 58 41 08 0B 50 62 0B 89 4D 65 6C 13 35 6C 12 0B 48 01 44 6C AE 65 6C 13 34 0B 12 48 6C 44 AE 6A 48 67 44 01 09 AE 69 48 09 44 01 09 AE 50 51 23 0E 04 13 40 35 04 12 0E 02 24 6B 10 34 60 34 15 6C 12 13 0E 08 10 52 || setup 14 42 14 09 01 1D 18 00 41 01 00 4C 01 01 47 00 0A 05 4B 09 09 0B 4A 08 01 0B 49 02 4E 3B 09 09 09 12 0E 35 11 46 50
canonicalizeIfChains: steps=105 | 50 45 53 82 66 37 35 57 22 3A 66 37 46 58 18 08 0B 50 62 0B 51 59 4D 65 6C 13 35 6C 12 0B 48 01 44 6C AE 65 6C 13 34 0B 12 48 6C 44 AE 6A 48 67 44 01 09 AE 69 48 09 44 01 09 AE 50 8B 43 65 68 10 53 82 66 37 35 32 68 64 10 48 14 6D 10 4D 5A 62 52 0E 04 13 40 35 04 12 0E 02 24 6B 10 34 60 34 15 6C 12 13 0E 08 10 52 || setup 14 42 14 09 01 1D 18 00 41 01 00 4C 01 01 47 00 0A 05 4B 09 09 0B 4A 08 01 0B 49 06 01 4E 3B 09 09 09 12 0E 35 11 46 50
freeResidualDispatchScratch: steps=105 | 50 45 53 82 66 37 35 57 22 3A 66 37 46 58 18 08 0B 50 62 0B 51 59 4D 65 6C 13 35 6C 12 0B 48 01 44 6C AE 65 6C 13 34 0B 12 48 6C 44 AE 6A 48 67 44 01 09 AE 69 48 09 44 01 09 AE 50 8B 43 65 68 10 53 82 66 37 35 32 68 64 10 48 14 6D 10 4D 5A 62 52 0E 04 13 40 35 04 12 0E 02 24 6B 10 34 60 34 15 6C 12 13 0E 08 10 52 || setup 14 42 14 09 01 1D 18 00 41 01 00 4C 01 01 47 00 0A 05 4B 09 09 0B 4A 08 01 0B 49 06 01 4E 3B 09 09 09 12 0E 35 11 46 50
aliasXReuse: steps=105 | 50 45 53 82 66 37 35 57 22 3A 66 37 46 58 18 08 0B 50 62 0B 51 59 4D 65 6C 13 35 6C 12 0B 48 01 44 6C AE 65 6C 13 34 0B 12 48 6C 44 AE 6A 48 67 44 01 09 AE 69 48 09 44 01 09 AE 50 8B 43 65 68 10 53 82 66 37 35 32 68 64 10 48 14 6D 10 4D 5A 62 52 0E 04 13 40 35 04 12 0E 02 24 6B 10 34 60 34 15 6C 12 13 0E 08 10 52 || setup 14 42 14 09 01 1D 18 00 41 01 00 4C 01 01 47 00 0A 05 4B 09 09 0B 4A 08 01 0B 49 06 01 4E 3B 09 09 09 12 0E 35 11 46 50
coalesceCopies: steps=105 | 50 45 53 82 66 37 35 57 22 3A 66 37 46 58 18 08 0B 50 62 0B 51 59 4D 65 6C 13 35 6C 12 0B 48 01 44 6C AE 65 6C 13 34 0B 12 48 6C 44 AE 6A 48 67 44 01 09 AE 69 48 09 44 01 09 AE 50 8B 43 65 68 10 53 82 66 37 35 32 68 64 10 48 14 6D 10 4D 5A 62 52 0E 04 13 40 35 04 12 0E 02 24 6B 10 34 60 34 15 6C 12 13 0E 08 10 52 || setup 14 42 14 09 01 1D 18 00 41 01 00 4C 01 01 47 00 0A 05 4B 09 09 0B 4A 08 01 0B 49 06 01 4E 3B 09 09 09 12 0E 35 11 46 50
freeResidualDispatchScratch+canonicalizeIfChains: steps=105 | 50 45 53 82 66 37 35 57 22 3A 66 37 46 58 18 08 0B 50 62 0B 51 59 4D 65 6C 13 35 6C 12 0B 48 01 44 6C AE 65 6C 13 34 0B 12 48 6C 44 AE 6A 48 67 44 01 09 AE 69 48 09 44 01 09 AE 50 8B 43 65 68 10 53 82 66 37 35 32 68 64 10 48 14 6D 10 4D 5A 62 52 0E 04 13 40 35 04 12 0E 02 24 6B 10 34 60 34 15 6C 12 13 0E 08 10 52 || setup 14 42 14 09 01 1D 18 00 41 01 00 4C 01 01 47 00 0A 05 4B 09 09 0B 4A 08 01 0B 49 06 01 4E 3B 09 09 09 12 0E 35 11 46 50
repeatedUnaryUpdateArgTemp: steps=105 | 50 45 53 82 66 37 35 57 22 3A 66 37 46 58 18 08 0B 50 62 0B 51 59 4D 65 6C 13 35 6C 12 0B 48 01 44 6C AE 65 6C 13 34 0B 12 48 6C 44 AE 6A 48 67 44 01 09 AE 69 48 09 44 01 09 AE 50 8B 43 65 68 10 53 82 66 37 35 32 68 64 10 48 14 6D 10 4D 5A 62 52 0E 04 13 40 35 04 12 0E 02 24 6B 10 34 60 34 15 6C 12 13 0E 08 10 52 || setup 14 42 14 09 01 1D 18 00 41 01 00 4C 01 01 47 00 0A 05 4B 09 09 0B 4A 08 01 0B 49 06 01 4E 3B 09 09 09 12 0E 35 11 46 50
xParamValueFunction: steps=105 | 50 45 53 82 66 37 35 57 22 3A 66 37 46 58 18 08 0B 50 62 0B 51 59 4D 65 6C 13 35 6C 12 0B 48 01 44 6C AE 65 6C 13 34 0B 12 48 6C 44 AE 6A 48 67 44 01 09 AE 69 48 09 44 01 09 AE 50 8B 43 65 68 10 53 82 66 37 35 32 68 64 10 48 14 6D 10 4D 5A 62 52 0E 04 13 40 35 04 12 0E 02 24 6B 10 34 60 34 15 6C 12 13 0E 08 10 52 || setup 14 42 14 09 01 1D 18 00 41 01 00 4C 01 01 47 00 0A 05 4B 09 09 0B 4A 08 01 0B 49 06 01 4E 3B 09 09 09 12 0E 35 11 46 50
xParamValueFunction+repeatedUnaryUpdateArgTemp: steps=105 | 50 45 53 82 66 37 35 57 22 3A 66 37 46 58 18 08 0B 50 62 0B 51 59 4D 65 6C 13 35 6C 12 0B 48 01 44 6C AE 65 6C 13 34 0B 12 48 6C 44 AE 6A 48 67 44 01 09 AE 69 48 09 44 01 09 AE 50 8B 43 65 68 10 53 82 66 37 35 32 68 64 10 48 14 6D 10 4D 5A 62 52 0E 04 13 40 35 04 12 0E 02 24 6B 10 34 60 34 15 6C 12 13 0E 08 10 52 || setup 14 42 14 09 01 1D 18 00 41 01 00 4C 01 01 47 00 0A 05 4B 09 09 0B 4A 08 01 0B 49 06 01 4E 3B 09 09 09 12 0E 35 11 46 50
xParamValueFunction+repeatedUnaryUpdateArgTemp+coalesceCopies: steps=105 | 50 45 53 82 66 37 35 57 22 3A 66 37 46 58 18 08 0B 50 62 0B 51 59 4D 65 6C 13 35 6C 12 0B 48 01 44 6C AE 65 6C 13 34 0B 12 48 6C 44 AE 6A 48 67 44 01 09 AE 69 48 09 44 01 09 AE 50 8B 43 65 68 10 53 82 66 37 35 32 68 64 10 48 14 6D 10 4D 5A 62 52 0E 04 13 40 35 04 12 0E 02 24 6B 10 34 60 34 15 6C 12 13 0E 08 10 52 || setup 14 42 14 09 01 1D 18 00 41 01 00 4C 01 01 47 00 0A 05 4B 09 09 0B 4A 08 01 0B 49 06 01 4E 3B 09 09 09 12 0E 35 11 46 50
shareRandomCell: steps=105 | 50 45 53 82 66 37 35 57 22 3A 66 37 46 58 18 08 0B 50 62 0B 51 59 4D 65 6C 13 35 6C 12 0B 48 01 44 6C AE 65 6C 13 34 0B 12 48 6C 44 AE 6A 48 67 44 01 09 AE 69 48 09 44 01 09 AE 50 8B 43 65 68 10 53 82 66 37 35 32 68 64 10 48 14 6D 10 4D 5A 62 52 0E 04 13 40 35 04 12 0E 02 24 6B 10 34 60 34 15 6C 12 13 0E 08 10 52 || setup 14 42 14 09 01 1D 18 00 41 01 00 4C 01 01 47 00 0A 05 4B 09 09 0B 4A 08 01 0B 49 06 01 4E 3B 09 09 09 12 0E 35 11 46 50
shareRandomCell+hoistSharedHelpers: steps=107 | 51 23 43 65 68 10 53 84 66 37 35 32 68 64 10 48 14 6D 10 4D 5A 03 52 50 45 53 84 66 37 35 57 44 3A 66 37 46 58 41 08 0B 50 62 0B 89 4D 65 6C 13 35 6C 12 0B 48 01 44 6C AE 65 6C 13 34 0B 12 48 6C 44 AE 6A 48 67 44 01 09 AE 69 48 09 44 01 09 AE 50 51 23 0E 04 13 40 35 04 12 0E 02 24 6B 10 34 60 34 15 6C 12 13 0E 08 10 52 || setup 14 42 14 09 01 1D 18 00 41 01 00 4C 01 01 47 00 0A 05 4B 09 09 0B 4A 08 01 0B 49 02 4E 3B 09 09 09 12 0E 35 11 46 50
tailBranchInversion: steps=105 | 50 45 53 82 66 37 35 57 22 3A 66 37 46 58 18 08 0B 50 62 0B 51 59 4D 65 6C 13 35 6C 12 0B 48 01 44 6C AE 65 6C 13 34 0B 12 48 6C 44 AE 6A 48 67 44 01 09 AE 69 48 09 44 01 09 AE 50 8B 43 65 68 10 53 82 66 37 35 32 68 64 10 48 14 6D 10 4D 5A 62 52 0E 04 13 40 35 04 12 0E 02 24 6B 10 34 60 34 15 6C 12 13 0E 08 10 52 || setup 14 42 14 09 01 1D 18 00 41 01 00 4C 01 01 47 00 0A 05 4B 09 09 0B 4A 08 01 0B 49 06 01 4E 3B 09 09 09 12 0E 35 11 46 50
hoistSharedHelpers+canonicalizeIfChains+tailBranchInversion: steps=107 | 51 23 43 65 68 10 53 84 66 37 35 32 68 64 10 48 14 6D 10 4D 5A 03 52 50 45 53 84 66 37 35 57 44 3A 66 37 46 58 41 08 0B 50 62 0B 89 4D 65 6C 13 35 6C 12 0B 48 01 44 6C AE 65 6C 13 34 0B 12 48 6C 44 AE 6A 48 67 44 01 09 AE 69 48 09 44 01 09 AE 50 51 23 0E 04 13 40 35 04 12 0E 02 24 6B 10 34 60 34 15 6C 12 13 0E 08 10 52 || setup 14 42 14 09 01 1D 18 00 41 01 00 4C 01 01 47 00 0A 05 4B 09 09 0B 4A 08 01 0B 49 02 4E 3B 09 09 09 12 0E 35 11 46 50
guardedPrologueGadgets: steps=105 | 50 45 53 82 66 37 35 57 22 3A 66 37 46 58 18 08 0B 50 62 0B 51 59 4D 65 6C 13 35 6C 12 0B 48 01 44 6C AE 65 6C 13 34 0B 12 48 6C 44 AE 6A 48 67 44 01 09 AE 69 48 09 44 01 09 AE 50 8B 43 65 68 10 53 82 66 37 35 32 68 64 10 48 14 6D 10 4D 5A 62 52 0E 04 13 40 35 04 12 0E 02 24 6B 10 34 60 34 15 6C 12 13 0E 08 10 52 || setup 14 42 14 09 01 1D 18 00 41 01 00 4C 01 01 47 00 0A 05 4B 09 09 0B 4A 08 01 0B 49 06 01 4E 3B 09 09 09 12 0E 35 11 46 50
guardedPrologueGadgets+hoistSharedHelpers+hoistProcs: steps=107 | 51 23 43 65 68 10 53 84 66 37 35 32 68 64 10 48 14 6D 10 4D 5A 03 52 50 45 53 84 66 37 35 57 44 3A 66 37 46 58 41 08 0B 50 62 0B 89 4D 65 6C 13 35 6C 12 0B 48 01 44 6C AE 65 6C 13 34 0B 12 48 6C 44 AE 6A 48 67 44 01 09 AE 69 48 09 44 01 09 AE 50 51 23 0E 04 13 40 35 04 12 0E 02 24 6B 10 34 60 34 15 6C 12 13 0E 08 10 52 || setup 14 42 14 09 01 1D 18 00 41 01 00 4C 01 01 47 00 0A 05 4B 09 09 0B 4A 08 01 0B 49 02 4E 3B 09 09 09 12 0E 35 11 46 50
sharedBitMaskHelperCalls: steps=120 | 52 50 45 53 62 66 37 35 57 23 3A 66 37 46 58 19 08 0B 50 62 0B 51 60 4D 65 6C 13 35 6C 12 0B 48 01 44 6C AA 65 6C 13 34 0B 12 48 6C 44 AA 6A 48 67 44 01 09 AA 69 48 09 44 01 09 AA 50 52 0E 04 13 43 35 04 12 A9 63 34 15 6C 12 13 0E 08 10 52 54 0E 02 24 6B 10 34 52 0E 04 13 4E 35 04 12 A9 6E 51 71 43 65 68 10 53 88 66 37 35 32 68 64 10 48 14 6D 10 4D 5A A0 52 || setup 14 42 14 09 01 1D 18 00 41 01 00 4C 01 01 47 00 0A 05 4B 09 09 0B 4A 08 01 0B 49 3B 09 09 09 12 0E 35 11 46 50
sharedBitMaskHelperCalls+hoistSharedHelpers: steps=120 | 89 0E 04 13 43 35 04 12 53 74 63 34 15 6C 12 13 0E 08 10 52 0E 04 13 4E 35 04 12 53 74 6E 87 62 0B 51 72 4D 65 6C 13 35 6C 12 0B 48 01 44 6C AA 65 6C 13 34 0B 12 48 6C 44 AA 6A 48 67 44 01 09 AA 69 48 09 44 01 09 AA 50 89 0E 02 24 6B 10 34 52 50 45 53 01 66 37 35 57 35 3A 66 37 46 58 31 08 0B 50 43 65 68 10 53 20 66 37 35 32 68 64 10 48 14 6D 10 4D 5A A0 52 || setup 14 42 14 09 01 1D 18 00 41 01 00 4C 01 01 47 00 0A 05 4B 09 09 0B 4A 08 01 0B 49 3B 09 09 09 12 0E 35 11 46 50
