primary: steps=99 | 62 6E 12 63 10 50 60 50 0E 04 11 5E 19 62 01 11 42 51 61 02 11 5E 38 01 62 10 42 07 11 59 61 02 42 3B 40 50 51 61 02 11 5E 48 01 63 10 43 51 61 06 10 5E 57 63 01 11 51 45 53 91 51 00 62 0B 59 67 53 91 60 62 15 13 35 6E 12 34 63 11 5E 83 53 91 51 00 62 6E 12 63 10 50 51 00 D4 64 03 11 59 98 29 52 || setup 09 01 1D 18 08 42 02 43 04 02 01 03 04 01 02 04 40 00 44 41 01 00 4E 50
aggressiveTerminalDirect: steps=99 | 62 6E 12 63 10 50 60 50 0E 04 11 5E 19 62 01 11 42 51 61 02 11 5E 38 01 62 10 42 07 11 59 61 02 42 3B 40 50 51 61 02 11 5E 48 01 63 10 43 51 61 06 10 5E 57 63 01 11 51 45 53 91 51 00 62 0B 59 67 53 91 60 62 15 13 35 6E 12 34 63 11 5E 83 53 91 51 00 62 6E 12 63 10 50 51 00 D4 64 03 11 59 98 29 52 || setup 09 01 1D 18 08 42 02 43 04 02 01 03 04 01 02 04 40 00 44 41 01 00 4E 50
invertBranchOrder: steps=99 | 62 6E 12 63 10 50 60 50 0E 04 11 5E 19 62 01 11 42 51 61 02 11 5E 38 01 62 10 42 07 11 59 61 02 42 3B 40 50 51 61 02 11 5E 48 01 63 10 43 51 61 06 10 5E 57 63 01 11 51 45 53 91 51 00 62 0B 59 67 53 91 60 62 15 13 35 6E 12 34 63 11 57 87 62 6E 12 63 10 50 51 00 53 91 51 00 D4 64 03 11 59 98 29 52 || setup 09 01 1D 18 08 42 02 43 04 02 01 03 04 01 02 04 40 00 44 41 01 00 4E 50
aggressiveTerminalDirect+invertBranchOrder: steps=99 | 62 6E 12 63 10 50 60 50 0E 04 11 5E 19 62 01 11 42 51 61 02 11 5E 38 01 62 10 42 07 11 59 61 02 42 3B 40 50 51 61 02 11 5E 48 01 63 10 43 51 61 06 10 5E 57 63 01 11 51 45 53 91 51 00 62 0B 59 67 53 91 60 62 15 13 35 6E 12 34 63 11 57 87 62 6E 12 63 10 50 51 00 53 91 51 00 D4 64 03 11 59 98 29 52 || setup 09 01 1D 18 08 42 02 43 04 02 01 03 04 01 02 04 40 00 44 41 01 00 4E 50
hoistSharedHelpers: steps=99 | 62 6E 12 63 10 50 60 50 0E 04 11 5E 19 62 01 11 42 51 61 02 11 5E 38 01 62 10 42 07 11 59 61 02 42 3B 40 50 51 61 02 11 5E 48 01 63 10 43 51 61 06 10 5E 57 63 01 11 51 45 53 91 51 00 62 0B 59 67 53 91 60 62 15 13 35 6E 12 34 63 11 5E 83 53 91 51 00 62 6E 12 63 10 50 51 00 D4 64 03 11 59 98 29 52 || setup 09 01 1D 18 08 42 02 43 04 02 01 03 04 01 02 04 40 00 44 41 01 00 4E 50
hoistSharedHelpers+hoistProcs: steps=99 | 51 40 62 0B 59 08 53 32 60 62 15 13 35 6E 12 34 63 11 5E 24 53 32 51 40 62 6E 12 63 10 50 51 40 D4 64 03 11 59 39 29 52 62 6E 12 63 10 50 60 50 0E 04 11 5E 58 62 01 11 42 51 02 11 5E 76 01 62 10 42 07 11 59 02 02 42 3B 40 50 51 02 11 5E 86 01 63 10 43 51 02 06 10 5E 95 63 01 11 51 83 53 32 51 40 || setup 09 01 1D 18 08 42 02 43 04 02 01 03 04 01 02 04 40 00 44 41 01 00 4E 50
canonicalizeIfChains: steps=99 | 62 6E 12 63 10 50 60 50 0E 04 11 5E 19 62 01 11 42 51 61 02 11 5E 38 01 62 10 42 07 11 59 61 02 42 3B 40 50 51 61 02 11 5E 48 01 63 10 43 51 61 06 10 5E 57 63 01 11 51 45 53 91 51 00 62 0B 59 67 53 91 60 62 15 13 35 6E 12 34 63 11 5E 83 53 91 51 00 62 6E 12 63 10 50 51 00 D4 64 03 11 59 98 29 52 || setup 09 01 1D 18 08 42 02 43 04 02 01 03 04 01 02 04 40 00 44 41 01 00 4E 50
freeResidualDispatchScratch: steps=99 | 62 6E 12 63 10 50 60 50 0E 04 11 5E 19 62 01 11 42 51 61 02 11 5E 38 01 62 10 42 07 11 59 61 02 42 3B 40 50 51 61 02 11 5E 48 01 63 10 43 51 61 06 10 5E 57 63 01 11 51 45 53 91 51 00 62 0B 59 67 53 91 60 62 15 13 35 6E 12 34 63 11 5E 83 53 91 51 00 62 6E 12 63 10 50 51 00 D4 64 03 11 59 98 29 52 || setup 09 01 1D 18 08 42 02 43 04 02 01 03 04 01 02 04 40 00 44 41 01 00 4E 50
aliasXReuse: steps=99 | 62 6E 12 63 10 50 60 50 0E 04 11 5E 19 62 01 11 42 51 61 02 11 5E 38 01 62 10 42 07 11 59 61 02 42 3B 40 50 51 61 02 11 5E 48 01 63 10 43 51 61 06 10 5E 57 63 01 11 51 45 53 91 51 00 62 0B 59 67 53 91 60 62 15 13 35 6E 12 34 63 11 5E 83 53 91 51 00 62 6E 12 63 10 50 51 00 D4 64 03 11 59 98 29 52 || setup 09 01 1D 18 08 42 02 43 04 02 01 03 04 01 02 04 40 00 44 41 01 00 4E 50
coalesceCopies: steps=99 | 62 6E 12 63 10 50 60 50 0E 04 11 5E 19 62 01 11 42 51 61 02 11 5E 38 01 62 10 42 07 11 59 61 02 42 3B 40 50 51 61 02 11 5E 48 01 63 10 43 51 61 06 10 5E 57 63 01 11 51 45 53 91 51 00 62 0B 59 67 53 91 60 62 15 13 35 6E 12 34 63 11 5E 83 53 91 51 00 62 6E 12 63 10 50 51 00 D4 64 03 11 59 98 29 52 || setup 09 01 1D 18 08 42 02 43 04 02 01 03 04 01 02 04 40 00 44 41 01 00 4E 50
freeResidualDispatchScratch+canonicalizeIfChains: steps=99 | 62 6E 12 63 10 50 60 50 0E 04 11 5E 19 62 01 11 42 51 61 02 11 5E 38 01 62 10 42 07 11 59 61 02 42 3B 40 50 51 61 02 11 5E 48 01 63 10 43 51 61 06 10 5E 57 63 01 11 51 45 53 91 51 00 62 0B 59 67 53 91 60 62 15 13 35 6E 12 34 63 11 5E 83 53 91 51 00 62 6E 12 63 10 50 51 00 D4 64 03 11 59 98 29 52 || setup 09 01 1D 18 08 42 02 43 04 02 01 03 04 01 02 04 40 00 44 41 01 00 4E 50
repeatedUnaryUpdateArgTemp: steps=99 | 62 6E 12 63 10 50 60 50 0E 04 11 5E 19 62 01 11 42 51 61 02 11 5E 38 01 62 10 42 07 11 59 61 02 42 3B 40 50 51 61 02 11 5E 48 01 63 10 43 51 61 06 10 5E 57 63 01 11 51 45 53 91 51 00 62 0B 59 67 53 91 60 62 15 13 35 6E 12 34 63 11 5E 83 53 91 51 00 62 6E 12 63 10 50 51 00 D4 64 03 11 59 98 29 52 || setup 09 01 1D 18 08 42 02 43 04 02 01 03 04 01 02 04 40 00 44 41 01 00 4E 50
xParamValueFunction: steps=99 | 62 6E 12 63 10 50 60 50 0E 04 11 5E 19 62 01 11 42 51 61 02 11 5E 38 01 62 10 42 07 11 59 61 02 42 3B 40 50 51 61 02 11 5E 48 01 63 10 43 51 61 06 10 5E 57 63 01 11 51 45 53 91 51 00 62 0B 59 67 53 91 60 62 15 13 35 6E 12 34 63 11 5E 83 53 91 51 00 62 6E 12 63 10 50 51 00 D4 64 03 11 59 98 29 52 || setup 09 01 1D 18 08 42 02 43 04 02 01 03 04 01 02 04 40 00 44 41 01 00 4E 50
xParamValueFunction+repeatedUnaryUpdateArgTemp: steps=99 | 62 6E 12 63 10 50 60 50 0E 04 11 5E 19 62 01 11 42 51 61 02 11 5E 38 01 62 10 42 07 11 59 61 02 42 3B 40 50 51 61 02 11 5E 48 01 63 10 43 51 61 06 10 5E 57 63 01 11 51 45 53 91 51 00 62 0B 59 67 53 91 60 62 15 13 35 6E 12 34 63 11 5E 83 53 91 51 00 62 6E 12 63 10 50 51 00 D4 64 03 11 59 98 29 52 || setup 09 01 1D 18 08 42 02 43 04 02 01 03 04 01 02 04 40 00 44 41 01 00 4E 50
xParamValueFunction+repeatedUnaryUpdateArgTemp+coalesceCopies: steps=99 | 62 6E 12 63 10 50 60 50 0E 04 11 5E 19 62 01 11 42 51 61 02 11 5E 38 01 62 10 42 07 11 59 61 02 42 3B 40 50 51 61 02 11 5E 48 01 63 10 43 51 61 06 10 5E 57 63 01 11 51 45 53 91 51 00 62 0B 59 67 53 91 60 62 15 13 35 6E 12 34 63 11 5E 83 53 91 51 00 62 6E 12 63 10 50 51 00 D4 64 03 11 59 98 29 52 || setup 09 01 1D 18 08 42 02 43 04 02 01 03 04 01 02 04 40 00 44 41 01 00 4E 50
shareRandomCell: steps=99 | 62 6E 12 63 10 50 60 50 0E 04 11 5E 19 62 01 11 42 51 61 02 11 5E 38 01 62 10 42 07 11 59 61 02 42 3B 40 50 51 61 02 11 5E 48 01 63 10 43 51 61 06 10 5E 57 63 01 11 51 45 53 91 51 00 62 0B 59 67 53 91 60 62 15 13 35 6E 12 34 63 11 5E 83 53 91 51 00 62 6E 12 63 10 50 51 00 D4 64 03 11 59 98 29 52 || setup 09 01 1D 18 08 42 02 43 04 02 01 03 04 01 02 04 40 00 44 41 01 00 4E 50
shareRandomCell+hoistSharedHelpers: steps=99 | 62 6E 12 63 10 50 60 50 0E 04 11 5E 19 62 01 11 42 51 61 02 11 5E 38 01 62 10 42 07 11 59 61 02 42 3B 40 50 51 61 02 11 5E 48 01 63 10 43 51 61 06 10 5E 57 63 01 11 51 45 53 91 51 00 62 0B 59 67 53 91 60 62 15 13 35 6E 12 34 63 11 5E 83 53 91 51 00 62 6E 12 63 10 50 51 00 D4 64 03 11 59 98 29 52 || setup 09 01 1D 18 08 42 02 43 04 02 01 03 04 01 02 04 40 00 44 41 01 00 4E 50
tailBranchInversion: steps=99 | 62 6E 12 63 10 50 60 50 0E 04 11 5E 19 62 01 11 42 51 61 02 11 5E 38 01 62 10 42 07 11 59 61 02 42 3B 40 50 51 61 02 11 5E 48 01 63 10 43 51 61 06 10 5E 57 63 01 11 51 45 53 91 51 00 62 0B 59 67 53 91 60 62 15 13 35 6E 12 34 63 11 5E 83 53 91 51 00 62 6E 12 63 10 50 51 00 D4 64 03 11 59 98 29 52 || setup 09 01 1D 18 08 42 02 43 04 02 01 03 04 01 02 04 40 00 44 41 01 00 4E 50
hoistSharedHelpers+canonicalizeIfChains+tailBranchInversion: steps=99 | 62 6E 12 63 10 50 60 50 0E 04 11 5E 19 62 01 11 42 51 61 02 11 5E 38 01 62 10 42 07 11 59 61 02 42 3B 40 50 51 61 02 11 5E 48 01 63 10 43 51 61 06 10 5E 57 63 01 11 51 45 53 91 51 00 62 0B 59 67 53 91 60 62 15 13 35 6E 12 34 63 11 5E 83 53 91 51 00 62 6E 12 63 10 50 51 00 D4 64 03 11 59 98 29 52 || setup 09 01 1D 18 08 42 02 43 04 02 01 03 04 01 02 04 40 00 44 41 01 00 4E 50
guardedPrologueGadgets: steps=99 | 62 6E 12 63 10 50 60 50 0E 04 11 5E 19 62 01 11 42 51 61 02 11 5E 38 01 62 10 42 07 11 59 61 02 42 3B 40 50 51 61 02 11 5E 48 01 63 10 43 51 61 06 10 5E 57 63 01 11 51 45 53 91 51 00 62 0B 59 67 53 91 60 62 15 13 35 6E 12 34 63 11 5E 83 53 91 51 00 62 6E 12 63 10 50 51 00 D4 64 03 11 59 98 29 52 || setup 09 01 1D 18 08 42 02 43 04 02 01 03 04 01 02 04 40 00 44 41 01 00 4E 50
guardedPrologueGadgets+hoistSharedHelpers+hoistProcs: steps=99 | 51 40 62 0B 59 08 53 32 60 62 15 13 35 6E 12 34 63 11 5E 24 53 32 51 40 62 6E 12 63 10 50 51 40 D4 64 03 11 59 39 29 52 62 6E 12 63 10 50 60 50 0E 04 11 5E 58 62 01 11 42 51 02 11 5E 76 01 62 10 42 07 11 59 02 02 42 3B 40 50 51 02 11 5E 86 01 63 10 43 51 02 06 10 5E 95 63 01 11 51 83 53 32 51 40 || setup 09 01 1D 18 08 42 02 43 04 02 01 03 04 01 02 04 40 00 44 41 01 00 4E 50
sharedBitMaskHelperCalls: steps=99 | 62 6E 12 63 10 50 60 50 0E 04 11 5E 19 62 01 11 42 51 61 02 11 5E 38 01 62 10 42 07 11 59 61 02 42 3B 40 50 51 61 02 11 5E 48 01 63 10 43 51 61 06 10 5E 57 63 01 11 51 45 53 91 51 00 62 0B 59 67 53 91 60 62 15 13 35 6E 12 34 63 11 5E 83 53 91 51 00 62 6E 12 63 10 50 51 00 D4 64 03 11 59 98 29 52 || setup 09 01 1D 18 08 42 02 43 04 02 01 03 04 01 02 04 40 00 44 41 01 00 4E 50
sharedBitMaskHelperCalls+hoistSharedHelpers: steps=99 | 62 6E 12 63 10 50 60 50 0E 04 11 5E 19 62 01 11 42 51 61 02 11 5E 38 01 62 10 42 07 11 59 61 02 42 3B 40 50 51 61 02 11 5E 48 01 63 10 43 51 61 06 10 5E 57 63 01 11 51 45 53 91 51 00 62 0B 59 67 53 91 60 62 15 13 35 6E 12 34 63 11 5E 83 53 91 51 00 62 6E 12 63 10 50 51 00 D4 64 03 11 59 98 29 52 || setup 09 01 1D 18 08 42 02 43 04 02 01 03 04 01 02 04 40 00 44 41 01 00 4E 50
