primary: steps=107 | 53 14 8B D4 3B 06 12 0E 35 11 01 10 43 52 53 03 01 11 5E 22 51 41 67 63 10 47 65 10 46 53 79 5E 14 66 45 6C 11 59 41 6C 50 00 47 44 53 03 01 11 5E 52 51 74 67 63 10 47 60 10 46 53 79 67 6A 11 59 44 66 40 6C 11 59 74 60 50 00 47 44 51 14 67 6B 13 66 6D 13 10 09 10 6E 38 42 64 41 62 0C 01 0B 5B 94 42 63 62 14 54 0C 50 52 || setup 09 01 1D 18 00 45 40 47 44 46 02 00 4A 02 15 4C 03 15 4B 07 15 4D 01 02 00 00 02 00 00 00 0E 09 08 00 00 08 00 00 00 39 4E 6E 54 0C 0C 00 4E 50
aggressiveTerminalDirect: steps=107 | 53 14 8B D4 3B 06 12 0E 35 11 01 10 43 52 53 03 01 11 5E 22 51 41 67 63 10 47 65 10 46 53 79 5E 14 66 45 6C 11 59 41 6C 50 00 47 44 53 03 01 11 5E 52 51 74 67 63 10 47 60 10 46 53 79 67 6A 11 59 44 66 40 6C 11 59 74 60 50 00 47 44 51 14 67 6B 13 66 6D 13 10 09 10 6E 38 42 64 41 62 0C 01 0B 5B 94 42 63 62 14 54 0C 50 52 || setup 09 01 1D 18 00 45 40 47 44 46 02 00 4A 02 15 4C 03 15 4B 07 15 4D 01 02 00 00 02 00 00 00 0E 09 08 00 00 08 00 00 00 39 4E 6E 54 0C 0C 00 4E 50
invertBranchOrder: steps=103 | 53 14 8B D4 3B 06 12 0E 35 11 01 10 43 52 53 03 01 11 57 39 67 63 10 47 65 10 46 53 75 5E 14 66 45 6C 11 59 39 6C 50 00 47 44 53 03 01 11 57 70 67 63 10 47 60 10 46 53 75 67 6A 11 59 42 66 40 6C 11 59 70 60 50 00 47 44 51 14 67 6B 13 66 6D 13 10 09 10 6E 38 42 64 41 62 0C 01 0B 5B 90 42 63 62 14 54 0C 50 52 || setup 09 01 1D 18 00 45 40 47 44 46 02 00 4A 02 15 4C 03 15 4B 07 15 4D 01 02 00 00 02 00 00 00 0E 09 08 00 00 08 00 00 00 39 4E 6E 54 0C 0C 00 4E 50
aggressiveTerminalDirect+invertBranchOrder: steps=103 | 53 14 8B D4 3B 06 12 0E 35 11 01 10 43 52 53 03 01 11 57 39 67 63 10 47 65 10 46 53 75 5E 14 66 45 6C 11 59 39 6C 50 00 47 44 53 03 01 11 57 70 67 63 10 47 60 10 46 53 75 67 6A 11 59 42 66 40 6C 11 59 70 60 50 00 47 44 51 14 67 6B 13 66 6D 13 10 09 10 6E 38 42 64 41 62 0C 01 0B 5B 90 42 63 62 14 54 0C 50 52 || setup 09 01 1D 18 00 45 40 47 44 46 02 00 4A 02 15 4C 03 15 4B 07 15 4D 01 02 00 00 02 00 00 00 0E 09 08 00 00 08 00 00 00 39 4E 6E 54 0C 0C 00 4E 50
hoistSharedHelpers: steps=110 | 51 30 67 6B 13 66 6D 13 10 09 10 6E 38 42 64 41 62 0C 01 0B 5B 17 42 63 62 14 54 0C 50 52 53 45 51 30 D4 3B 06 12 0E 35 11 01 10 43 52 53 34 01 11 5E 53 51 72 67 63 10 47 65 10 46 53 02 5E 45 66 45 6C 11 59 72 6C 50 00 47 44 53 34 01 11 5E 83 51 @105 67 63 10 47 60 10 46 53 02 67 6A 11 59 75 66 40 6C 11 59 @105 60 50 00 47 44 51 45 || setup 09 01 1D 18 00 45 40 47 44 46 02 00 4A 02 15 4C 03 15 4B 07 15 4D 01 02 00 00 02 00 00 00 0E 09 08 00 00 08 00 00 00 39 4E 6E 54 0C 0C 00 4E 50
hoistSharedHelpers+hoistProcs: steps=109 | 51 @105 67 6B 13 66 6D 13 10 09 10 6E 38 42 64 41 62 0C 01 0B 5B 17 42 63 62 14 54 0C 50 52 D4 3B 06 12 0E 35 11 01 10 43 52 53 30 01 11 5E 48 51 67 63 10 47 65 10 46 53 02 5E 41 66 45 6C 11 59 67 6C 50 00 47 44 53 30 01 11 5E 78 51 A0 67 63 10 47 60 10 46 53 02 67 6A 11 59 70 66 40 6C 11 59 A0 60 50 00 47 44 51 41 53 41 51 @105 || setup 09 01 1D 18 00 45 40 47 44 46 02 00 4A 02 15 4C 03 15 4B 07 15 4D 01 02 00 00 02 00 00 00 0E 09 08 00 00 08 00 00 00 39 4E 6E 54 0C 0C 00 4E 50
canonicalizeIfChains: steps=107 | 53 14 8B D4 3B 06 12 0E 35 11 01 10 43 52 53 03 01 11 5E 22 51 41 67 63 10 47 65 10 46 53 79 5E 14 66 45 6C 11 59 41 6C 50 00 47 44 53 03 01 11 5E 52 51 74 67 63 10 47 60 10 46 53 79 67 6A 11 59 44 66 40 6C 11 59 74 60 50 00 47 44 51 14 67 6B 13 66 6D 13 10 09 10 6E 38 42 64 41 62 0C 01 0B 5B 94 42 63 62 14 54 0C 50 52 || setup 09 01 1D 18 00 45 40 47 44 46 02 00 4A 02 15 4C 03 15 4B 07 15 4D 01 02 00 00 02 00 00 00 0E 09 08 00 00 08 00 00 00 39 4E 6E 54 0C 0C 00 4E 50
freeResidualDispatchScratch: steps=107 | 53 14 8B D4 3B 06 12 0E 35 11 01 10 43 52 53 03 01 11 5E 22 51 41 67 63 10 47 65 10 46 53 79 5E 14 66 45 6C 11 59 41 6C 50 00 47 44 53 03 01 11 5E 52 51 74 67 63 10 47 60 10 46 53 79 67 6A 11 59 44 66 40 6C 11 59 74 60 50 00 47 44 51 14 67 6B 13 66 6D 13 10 09 10 6E 38 42 64 41 62 0C 01 0B 5B 94 42 63 62 14 54 0C 50 52 || setup 09 01 1D 18 00 45 40 47 44 46 02 00 4A 02 15 4C 03 15 4B 07 15 4D 01 02 00 00 02 00 00 00 0E 09 08 00 00 08 00 00 00 39 4E 6E 54 0C 0C 00 4E 50
aliasXReuse: steps=107 | 53 14 8B D4 3B 06 12 0E 35 11 01 10 43 52 53 03 01 11 5E 22 51 41 67 63 10 47 65 10 46 53 79 5E 14 66 45 6C 11 59 41 6C 50 00 47 44 53 03 01 11 5E 52 51 74 67 63 10 47 60 10 46 53 79 67 6A 11 59 44 66 40 6C 11 59 74 60 50 00 47 44 51 14 67 6B 13 66 6D 13 10 09 10 6E 38 42 64 41 62 0C 01 0B 5B 94 42 63 62 14 54 0C 50 52 || setup 09 01 1D 18 00 45 40 47 44 46 02 00 4A 02 15 4C 03 15 4B 07 15 4D 01 02 00 00 02 00 00 00 0E 09 08 00 00 08 00 00 00 39 4E 6E 54 0C 0C 00 4E 50
coalesceCopies: steps=107 | 53 14 8B D4 3B 06 12 0E 35 11 01 10 43 52 53 03 01 11 5E 22 51 41 67 63 10 47 65 10 46 53 79 5E 14 66 45 6C 11 59 41 6C 50 00 47 44 53 03 01 11 5E 52 51 74 67 63 10 47 60 10 46 53 79 67 6A 11 59 44 66 40 6C 11 59 74 60 50 00 47 44 51 14 67 6B 13 66 6D 13 10 09 10 6E 38 42 64 41 62 0C 01 0B 5B 94 42 63 62 14 54 0C 50 52 || setup 09 01 1D 18 00 45 40 47 44 46 02 00 4A 02 15 4C 03 15 4B 07 15 4D 01 02 00 00 02 00 00 00 0E 09 08 00 00 08 00 00 00 39 4E 6E 54 0C 0C 00 4E 50
freeResidualDispatchScratch+canonicalizeIfChains: steps=107 | 53 14 8B D4 3B 06 12 0E 35 11 01 10 43 52 53 03 01 11 5E 22 51 41 67 63 10 47 65 10 46 53 79 5E 14 66 45 6C 11 59 41 6C 50 00 47 44 53 03 01 11 5E 52 51 74 67 63 10 47 60 10 46 53 79 67 6A 11 59 44 66 40 6C 11 59 74 60 50 00 47 44 51 14 67 6B 13 66 6D 13 10 09 10 6E 38 42 64 41 62 0C 01 0B 5B 94 42 63 62 14 54 0C 50 52 || setup 09 01 1D 18 00 45 40 47 44 46 02 00 4A 02 15 4C 03 15 4B 07 15 4D 01 02 00 00 02 00 00 00 0E 09 08 00 00 08 00 00 00 39 4E 6E 54 0C 0C 00 4E 50
repeatedUnaryUpdateArgTemp: steps=107 | 53 14 8B D4 3B 06 12 0E 35 11 01 10 43 52 53 03 01 11 5E 22 51 41 67 63 10 47 65 10 46 53 79 5E 14 66 45 6C 11 59 41 6C 50 00 47 44 53 03 01 11 5E 52 51 74 67 63 10 47 60 10 46 53 79 67 6A 11 59 44 66 40 6C 11 59 74 60 50 00 47 44 51 14 67 6B 13 66 6D 13 10 09 10 6E 38 42 64 41 62 0C 01 0B 5B 94 42 63 62 14 54 0C 50 52 || setup 09 01 1D 18 00 45 40 47 44 46 02 00 4A 02 15 4C 03 15 4B 07 15 4D 01 02 00 00 02 00 00 00 0E 09 08 00 00 08 00 00 00 39 4E 6E 54 0C 0C 00 4E 50
xParamValueFunction: steps=107 | 53 14 8B D4 3B 06 12 0E 35 11 01 10 43 52 53 03 01 11 5E 22 51 41 67 63 10 47 65 10 46 53 79 5E 14 66 45 6C 11 59 41 6C 50 00 47 44 53 03 01 11 5E 52 51 74 67 63 10 47 60 10 46 53 79 67 6A 11 59 44 66 40 6C 11 59 74 60 50 00 47 44 51 14 67 6B 13 66 6D 13 10 09 10 6E 38 42 64 41 62 0C 01 0B 5B 94 42 63 62 14 54 0C 50 52 || setup 09 01 1D 18 00 45 40 47 44 46 02 00 4A 02 15 4C 03 15 4B 07 15 4D 01 02 00 00 02 00 00 00 0E 09 08 00 00 08 00 00 00 39 4E 6E 54 0C 0C 00 4E 50
xParamValueFunction+repeatedUnaryUpdateArgTemp: steps=107 | 53 14 8B D4 3B 06 12 0E 35 11 01 10 43 52 53 03 01 11 5E 22 51 41 67 63 10 47 65 10 46 53 79 5E 14 66 45 6C 11 59 41 6C 50 00 47 44 53 03 01 11 5E 52 51 74 67 63 10 47 60 10 46 53 79 67 6A 11 59 44 66 40 6C 11 59 74 60 50 00 47 44 51 14 67 6B 13 66 6D 13 10 09 10 6E 38 42 64 41 62 0C 01 0B 5B 94 42 63 62 14 54 0C 50 52 || setup 09 01 1D 18 00 45 40 47 44 46 02 00 4A 02 15 4C 03 15 4B 07 15 4D 01 02 00 00 02 00 00 00 0E 09 08 00 00 08 00 00 00 39 4E 6E 54 0C 0C 00 4E 50
xParamValueFunction+repeatedUnaryUpdateArgTemp+coalesceCopies: steps=107 | 53 14 8B D4 3B 06 12 0E 35 11 01 10 43 52 53 03 01 11 5E 22 51 41 67 63 10 47 65 10 46 53 79 5E 14 66 45 6C 11 59 41 6C 50 00 47 44 53 03 01 11 5E 52 51 74 67 63 10 47 60 10 46 53 79 67 6A 11 59 44 66 40 6C 11 59 74 60 50 00 47 44 51 14 67 6B 13 66 6D 13 10 09 10 6E 38 42 64 41 62 0C 01 0B 5B 94 42 63 62 14 54 0C 50 52 || setup 09 01 1D 18 00 45 40 47 44 46 02 00 4A 02 15 4C 03 15 4B 07 15 4D 01 02 00 00 02 00 00 00 0E 09 08 00 00 08 00 00 00 39 4E 6E 54 0C 0C 00 4E 50
shareRandomCell: steps=107 | 53 14 8B D4 3B 06 12 0E 35 11 01 10 43 52 53 03 01 11 5E 22 51 41 67 63 10 47 65 10 46 53 79 5E 14 66 45 6C 11 59 41 6C 50 00 47 44 53 03 01 11 5E 52 51 74 67 63 10 47 60 10 46 53 79 67 6A 11 59 44 66 40 6C 11 59 74 60 50 00 47 44 51 14 67 6B 13 66 6D 13 10 09 10 6E 38 42 64 41 62 0C 01 0B 5B 94 42 63 62 14 54 0C 50 52 || setup 09 01 1D 18 00 45 40 47 44 46 02 00 4A 02 15 4C 03 15 4B 07 15 4D 01 02 00 00 02 00 00 00 0E 09 08 00 00 08 00 00 00 39 4E 6E 54 0C 0C 00 4E 50
shareRandomCell+hoistSharedHelpers: steps=110 | 51 30 67 6B 13 66 6D 13 10 09 10 6E 38 42 64 41 62 0C 01 0B 5B 17 42 63 62 14 54 0C 50 52 53 45 51 30 D4 3B 06 12 0E 35 11 01 10 43 52 53 34 01 11 5E 53 51 72 67 63 10 47 65 10 46 53 02 5E 45 66 45 6C 11 59 72 6C 50 00 47 44 53 34 01 11 5E 83 51 @105 67 63 10 47 60 10 46 53 02 67 6A 11 59 75 66 40 6C 11 59 @105 60 50 00 47 44 51 45 || setup 09 01 1D 18 00 45 40 47 44 46 02 00 4A 02 15 4C 03 15 4B 07 15 4D 01 02 00 00 02 00 00 00 0E 09 08 00 00 08 00 00 00 39 4E 6E 54 0C 0C 00 4E 50
tailBranchInversion: steps=103 | 53 14 8B D4 3B 06 12 0E 35 11 01 10 43 52 53 03 01 11 57 39 67 63 10 47 65 10 46 53 75 5E 14 66 45 6C 11 59 39 6C 50 00 47 44 53 03 01 11 57 70 67 63 10 47 60 10 46 53 75 67 6A 11 59 42 66 40 6C 11 59 70 60 50 00 47 44 51 14 67 6B 13 66 6D 13 10 09 10 6E 38 42 64 41 62 0C 01 0B 5B 90 42 63 62 14 54 0C 50 52 || setup 09 01 1D 18 00 45 40 47 44 46 02 00 4A 02 15 4C 03 15 4B 07 15 4D 01 02 00 00 02 00 00 00 0E 09 08 00 00 08 00 00 00 39 4E 6E 54 0C 0C 00 4E 50
hoistSharedHelpers+canonicalizeIfChains+tailBranchInversion: steps=106 | 51 30 67 6B 13 66 6D 13 10 09 10 6E 38 42 64 41 62 0C 01 0B 5B 17 42 63 62 14 54 0C 50 52 53 45 51 30 D4 3B 06 12 0E 35 11 01 10 43 52 53 34 01 11 57 70 67 63 10 47 65 10 46 53 02 5E 45 66 45 6C 11 59 70 6C 50 00 47 44 53 34 01 11 57 A1 67 63 10 47 60 10 46 53 02 67 6A 11 59 73 66 40 6C 11 59 A1 60 50 00 47 44 51 45 || setup 09 01 1D 18 00 45 40 47 44 46 02 00 4A 02 15 4C 03 15 4B 07 15 4D 01 02 00 00 02 00 00 00 0E 09 08 00 00 08 00 00 00 39 4E 6E 54 0C 0C 00 4E 50
guardedPrologueGadgets: steps=107 | 53 14 8B D4 3B 06 12 0E 35 11 01 10 43 52 53 03 01 11 5E 22 51 41 67 63 10 47 65 10 46 53 79 5E 14 66 45 6C 11 59 41 6C 50 00 47 44 53 03 01 11 5E 52 51 74 67 63 10 47 60 10 46 53 79 67 6A 11 59 44 66 40 6C 11 59 74 60 50 00 47 44 51 14 67 6B 13 66 6D 13 10 09 10 6E 38 42 64 41 62 0C 01 0B 5B 94 42 63 62 14 54 0C 50 52 || setup 09 01 1D 18 00 45 40 47 44 46 02 00 4A 02 15 4C 03 15 4B 07 15 4D 01 02 00 00 02 00 00 00 0E 09 08 00 00 08 00 00 00 39 4E 6E 54 0C 0C 00 4E 50
guardedPrologueGadgets+hoistSharedHelpers+hoistProcs: steps=109 | 51 @105 67 6B 13 66 6D 13 10 09 10 6E 38 42 64 41 62 0C 01 0B 5B 17 42 63 62 14 54 0C 50 52 D4 3B 06 12 0E 35 11 01 10 43 52 53 30 01 11 5E 48 51 67 63 10 47 65 10 46 53 02 5E 41 66 45 6C 11 59 67 6C 50 00 47 44 53 30 01 11 5E 78 51 A0 67 63 10 47 60 10 46 53 02 67 6A 11 59 70 66 40 6C 11 59 A0 60 50 00 47 44 51 41 53 41 51 @105 || setup 09 01 1D 18 00 45 40 47 44 46 02 00 4A 02 15 4C 03 15 4B 07 15 4D 01 02 00 00 02 00 00 00 0E 09 08 00 00 08 00 00 00 39 4E 6E 54 0C 0C 00 4E 50
sharedBitMaskHelperCalls: steps=107 | 53 14 8B D4 3B 06 12 0E 35 11 01 10 43 52 53 03 01 11 5E 22 51 41 67 63 10 47 65 10 46 53 79 5E 14 66 45 6C 11 59 41 6C 50 00 47 44 53 03 01 11 5E 52 51 74 67 63 10 47 60 10 46 53 79 67 6A 11 59 44 66 40 6C 11 59 74 60 50 00 47 44 51 14 67 6B 13 66 6D 13 10 09 10 6E 38 42 64 41 62 0C 01 0B 5B 94 42 63 62 14 54 0C 50 52 || setup 09 01 1D 18 00 45 40 47 44 46 02 00 4A 02 15 4C 03 15 4B 07 15 4D 01 02 00 00 02 00 00 00 0E 09 08 00 00 08 00 00 00 39 4E 6E 54 0C 0C 00 4E 50
sharedBitMaskHelperCalls+hoistSharedHelpers: steps=110 | 51 30 67 6B 13 66 6D 13 10 09 10 6E 38 42 64 41 62 0C 01 0B 5B 17 42 63 62 14 54 0C 50 52 53 45 51 30 D4 3B 06 12 0E 35 11 01 10 43 52 53 34 01 11 5E 53 51 72 67 63 10 47 65 10 46 53 02 5E 45 66 45 6C 11 59 72 6C 50 00 47 44 53 34 01 11 5E 83 51 @105 67 63 10 47 60 10 46 53 02 67 6A 11 59 75 66 40 6C 11 59 @105 60 50 00 47 44 51 45 || setup 09 01 1D 18 00 45 40 47 44 46 02 00 4A 02 15 4C 03 15 4B 07 15 4D 01 02 00 00 02 00 00 00 0E 09 08 00 00 08 00 00 00 39 4E 6E 54 0C 0C 00 4E 50
