primary: steps=107 | 05 45 63 AA 64 AA 36 59 11 08 45 61 AA 62 AA 36 59 20 00 45 68 AA 59 26 03 45 60 6B 13 66 10 50 65 50 47 59 80 AA 99 67 8D 66 11 1D 6C 11 52 66 68 11 57 @106 66 61 11 66 62 11 12 57 @106 66 63 11 66 64 11 12 E9 3B 6E 12 0E 35 11 01 10 46 51 47 60 01 11 40 67 68 10 5E 91 6D 50 60 57 @106 3B 6E 12 0E 35 11 01 10 48 66 11 E9 29 || setup 01 00 00 1D 18 01 46 01 00 4B 02 00 4E 07 07 07 4D 00 0A 08 4C 00 47 45 49 04 01 4A 05 40 3B 6E 12 0E 35 11 01 10 B0 60 01 11 5E 30 05 40 3B 6E 12 0E 35 11 01 10 48 50
aggressiveTerminalDirect: steps=109 | 05 45 63 AA 64 AA 36 59 11 08 45 61 AA 62 AA 36 59 20 00 45 68 AA 59 26 03 45 60 6B 13 66 10 50 65 50 47 59 42 AA 99 67 51 @107 60 01 11 40 67 68 10 5E 53 6D 50 60 57 70 3B 6E 12 0E 35 11 01 10 48 66 11 57 70 89 29 66 11 1D 6C 11 52 66 68 11 57 70 66 61 11 66 62 11 12 57 70 66 63 11 66 64 11 12 E9 3B 6E 12 0E 35 11 01 10 46 8D || setup 01 00 00 1D 18 01 46 01 00 4B 02 00 4E 07 07 07 4D 00 0A 08 4C 00 47 45 49 07 01 4A 05 40 3B 6E 12 0E 35 11 01 10 B0 60 01 11 5E 30 05 40 3B 6E 12 0E 35 11 01 10 48 50
invertBranchOrder: steps=107 | 05 45 63 AA 64 AA 36 59 11 08 45 61 AA 62 AA 36 59 20 00 45 68 AA 59 26 03 45 60 6B 13 66 10 50 65 50 47 59 80 AA 99 67 8D 66 11 1D 6C 11 52 66 68 11 57 @106 66 61 11 66 62 11 12 57 @106 66 63 11 66 64 11 12 E9 3B 6E 12 0E 35 11 01 10 46 51 47 60 01 11 40 67 68 10 5E 91 6D 50 60 57 @106 3B 6E 12 0E 35 11 01 10 48 66 11 E9 29 || setup 01 00 00 1D 18 01 46 01 00 4B 02 00 4E 07 07 07 4D 00 0A 08 4C 00 47 45 49 04 01 4A 05 40 3B 6E 12 0E 35 11 01 10 B0 60 01 11 5E 30 05 40 3B 6E 12 0E 35 11 01 10 48 50
aggressiveTerminalDirect+invertBranchOrder: steps=109 | 05 45 63 AA 64 AA 36 59 11 08 45 61 AA 62 AA 36 59 20 00 45 68 AA 59 26 03 45 60 6B 13 66 10 50 65 50 47 59 42 AA 99 67 51 @107 60 01 11 40 67 68 10 5E 53 6D 50 60 57 70 3B 6E 12 0E 35 11 01 10 48 66 11 57 70 89 29 66 11 1D 6C 11 52 66 68 11 57 70 66 61 11 66 62 11 12 57 70 66 63 11 66 64 11 12 E9 3B 6E 12 0E 35 11 01 10 46 8D || setup 01 00 00 1D 18 01 46 01 00 4B 02 00 4E 07 07 07 4D 00 0A 08 4C 00 47 45 49 07 01 4A 05 40 3B 6E 12 0E 35 11 01 10 B0 60 01 11 5E 30 05 40 3B 6E 12 0E 35 11 01 10 48 50
hoistSharedHelpers: steps=115 | 51 08 66 11 1D 6C 11 52 05 45 63 02 49 A9 64 A9 36 59 21 08 45 61 A9 62 A9 36 59 30 00 45 68 A9 59 36 03 45 60 6B 13 66 10 50 65 50 47 59 53 A9 9A 67 53 @111 8A 60 01 11 40 67 68 10 5E 64 6D 50 60 57 79 3B 6E 12 0E 35 11 01 10 48 66 11 EA 29 66 68 11 57 79 66 61 11 66 62 11 12 57 79 66 63 11 66 64 11 12 5E @114 3B 6E 12 0E 35 11 01 10 46 51 80 52 || setup 01 00 00 1D 18 01 46 00 47 45 01 00 4B 02 00 4E 07 07 07 4D 00 0A 08 4C 00 08 4A 05 40 3B 6E 12 0E 35 11 01 10 B0 60 01 11 5E 29 05 40 3B 6E 12 0E 35 11 01 10 48 50
hoistSharedHelpers+hoistProcs: steps=116 | 51 42 66 11 1D 6C 11 52 29 66 68 11 7A 66 61 11 66 62 11 12 7A 66 63 11 66 64 11 12 5E 41 3B 6E 12 0E 35 11 01 10 46 51 09 52 05 45 63 02 49 A9 64 A9 36 59 55 08 45 61 A9 62 A9 36 59 64 00 45 68 A9 59 70 03 45 60 6B 13 66 10 50 65 50 47 59 89 A9 59 42 67 53 38 51 42 60 01 11 40 67 68 10 5E A0 6D 50 60 7A 3B 6E 12 0E 35 11 01 10 48 66 11 5E 42 8A || setup 01 00 00 1D 18 01 46 00 47 45 01 00 4B 02 00 4E 07 07 07 4D 00 0A 08 4C 08 4A 05 40 3B 6E 12 0E 35 11 01 10 B0 60 01 11 5E 28 05 40 3B 6E 12 0E 35 11 01 10 48 50
canonicalizeIfChains: steps=107 | 05 45 63 AA 64 AA 36 59 11 08 45 61 AA 62 AA 36 59 20 00 45 68 AA 59 26 03 45 60 6B 13 66 10 50 65 50 47 59 80 AA 99 67 8D 66 11 1D 6C 11 52 66 68 11 57 @106 66 61 11 66 62 11 12 57 @106 66 63 11 66 64 11 12 E9 3B 6E 12 0E 35 11 01 10 46 51 47 60 01 11 40 67 68 10 5E 91 6D 50 60 57 @106 3B 6E 12 0E 35 11 01 10 48 66 11 E9 29 || setup 01 00 00 1D 18 01 46 01 00 4B 02 00 4E 07 07 07 4D 00 0A 08 4C 00 47 45 49 04 01 4A 05 40 3B 6E 12 0E 35 11 01 10 B0 60 01 11 5E 30 05 40 3B 6E 12 0E 35 11 01 10 48 50
freeResidualDispatchScratch: steps=107 | 05 45 63 AA 64 AA 36 59 11 08 45 61 AA 62 AA 36 59 20 00 45 68 AA 59 26 03 45 60 6B 13 66 10 50 65 50 47 59 80 AA 99 67 8D 66 11 1D 6C 11 52 66 68 11 57 @106 66 61 11 66 62 11 12 57 @106 66 63 11 66 64 11 12 E9 3B 6E 12 0E 35 11 01 10 46 51 47 60 01 11 40 67 68 10 5E 91 6D 50 60 57 @106 3B 6E 12 0E 35 11 01 10 48 66 11 E9 29 || setup 01 00 00 1D 18 01 46 01 00 4B 02 00 4E 07 07 07 4D 00 0A 08 4C 00 47 45 49 04 01 4A 05 40 3B 6E 12 0E 35 11 01 10 B0 60 01 11 5E 30 05 40 3B 6E 12 0E 35 11 01 10 48 50
aliasXReuse: steps=107 | 05 45 63 AA 64 AA 36 59 11 08 45 61 AA 62 AA 36 59 20 00 45 68 AA 59 26 03 45 60 6B 13 66 10 50 65 50 47 59 80 AA 99 67 8D 66 11 1D 6C 11 52 66 68 11 57 @106 66 61 11 66 62 11 12 57 @106 66 63 11 66 64 11 12 E9 3B 6E 12 0E 35 11 01 10 46 51 47 60 01 11 40 67 68 10 5E 91 6D 50 60 57 @106 3B 6E 12 0E 35 11 01 10 48 66 11 E9 29 || setup 01 00 00 1D 18 01 46 01 00 4B 02 00 4E 07 07 07 4D 00 0A 08 4C 00 47 45 49 04 01 4A 05 40 3B 6E 12 0E 35 11 01 10 B0 60 01 11 5E 30 05 40 3B 6E 12 0E 35 11 01 10 48 50
coalesceCopies: steps=107 | 05 45 63 AA 64 AA 36 59 11 08 45 61 AA 62 AA 36 59 20 00 45 68 AA 59 26 03 45 60 6B 13 66 10 50 65 50 47 59 80 AA 99 67 8D 66 11 1D 6C 11 52 66 68 11 57 @106 66 61 11 66 62 11 12 57 @106 66 63 11 66 64 11 12 E9 3B 6E 12 0E 35 11 01 10 46 51 47 60 01 11 40 67 68 10 5E 91 6D 50 60 57 @106 3B 6E 12 0E 35 11 01 10 48 66 11 E9 29 || setup 01 00 00 1D 18 01 46 01 00 4B 02 00 4E 07 07 07 4D 00 0A 08 4C 00 47 45 49 04 01 4A 05 40 3B 6E 12 0E 35 11 01 10 B0 60 01 11 5E 30 05 40 3B 6E 12 0E 35 11 01 10 48 50
freeResidualDispatchScratch+canonicalizeIfChains: steps=107 | 05 45 63 AA 64 AA 36 59 11 08 45 61 AA 62 AA 36 59 20 00 45 68 AA 59 26 03 45 60 6B 13 66 10 50 65 50 47 59 80 AA 99 67 8D 66 11 1D 6C 11 52 66 68 11 57 @106 66 61 11 66 62 11 12 57 @106 66 63 11 66 64 11 12 E9 3B 6E 12 0E 35 11 01 10 46 51 47 60 01 11 40 67 68 10 5E 91 6D 50 60 57 @106 3B 6E 12 0E 35 11 01 10 48 66 11 E9 29 || setup 01 00 00 1D 18 01 46 01 00 4B 02 00 4E 07 07 07 4D 00 0A 08 4C 00 47 45 49 04 01 4A 05 40 3B 6E 12 0E 35 11 01 10 B0 60 01 11 5E 30 05 40 3B 6E 12 0E 35 11 01 10 48 50
repeatedUnaryUpdateArgTemp: steps=107 | 05 45 63 AA 64 AA 36 59 11 08 45 61 AA 62 AA 36 59 20 00 45 68 AA 59 26 03 45 60 6B 13 66 10 50 65 50 47 59 80 AA 99 67 8D 66 11 1D 6C 11 52 66 68 11 57 @106 66 61 11 66 62 11 12 57 @106 66 63 11 66 64 11 12 E9 3B 6E 12 0E 35 11 01 10 46 51 47 60 01 11 40 67 68 10 5E 91 6D 50 60 57 @106 3B 6E 12 0E 35 11 01 10 48 66 11 E9 29 || setup 01 00 00 1D 18 01 46 01 00 4B 02 00 4E 07 07 07 4D 00 0A 08 4C 00 47 45 49 04 01 4A 05 40 3B 6E 12 0E 35 11 01 10 B0 60 01 11 5E 30 05 40 3B 6E 12 0E 35 11 01 10 48 50
xParamValueFunction: steps=107 | 05 45 63 AA 64 AA 36 59 11 08 45 61 AA 62 AA 36 59 20 00 45 68 AA 59 26 03 45 60 6B 13 66 10 50 65 50 47 59 80 AA 99 67 8D 66 11 1D 6C 11 52 66 68 11 57 @106 66 61 11 66 62 11 12 57 @106 66 63 11 66 64 11 12 E9 3B 6E 12 0E 35 11 01 10 46 51 47 60 01 11 40 67 68 10 5E 91 6D 50 60 57 @106 3B 6E 12 0E 35 11 01 10 48 66 11 E9 29 || setup 01 00 00 1D 18 01 46 01 00 4B 02 00 4E 07 07 07 4D 00 0A 08 4C 00 47 45 49 04 01 4A 05 40 3B 6E 12 0E 35 11 01 10 B0 60 01 11 5E 30 05 40 3B 6E 12 0E 35 11 01 10 48 50
xParamValueFunction+repeatedUnaryUpdateArgTemp: steps=107 | 05 45 63 AA 64 AA 36 59 11 08 45 61 AA 62 AA 36 59 20 00 45 68 AA 59 26 03 45 60 6B 13 66 10 50 65 50 47 59 80 AA 99 67 8D 66 11 1D 6C 11 52 66 68 11 57 @106 66 61 11 66 62 11 12 57 @106 66 63 11 66 64 11 12 E9 3B 6E 12 0E 35 11 01 10 46 51 47 60 01 11 40 67 68 10 5E 91 6D 50 60 57 @106 3B 6E 12 0E 35 11 01 10 48 66 11 E9 29 || setup 01 00 00 1D 18 01 46 01 00 4B 02 00 4E 07 07 07 4D 00 0A 08 4C 00 47 45 49 04 01 4A 05 40 3B 6E 12 0E 35 11 01 10 B0 60 01 11 5E 30 05 40 3B 6E 12 0E 35 11 01 10 48 50
xParamValueFunction+repeatedUnaryUpdateArgTemp+coalesceCopies: steps=107 | 05 45 63 AA 64 AA 36 59 11 08 45 61 AA 62 AA 36 59 20 00 45 68 AA 59 26 03 45 60 6B 13 66 10 50 65 50 47 59 80 AA 99 67 8D 66 11 1D 6C 11 52 66 68 11 57 @106 66 61 11 66 62 11 12 57 @106 66 63 11 66 64 11 12 E9 3B 6E 12 0E 35 11 01 10 46 51 47 60 01 11 40 67 68 10 5E 91 6D 50 60 57 @106 3B 6E 12 0E 35 11 01 10 48 66 11 E9 29 || setup 01 00 00 1D 18 01 46 01 00 4B 02 00 4E 07 07 07 4D 00 0A 08 4C 00 47 45 49 04 01 4A 05 40 3B 6E 12 0E 35 11 01 10 B0 60 01 11 5E 30 05 40 3B 6E 12 0E 35 11 01 10 48 50
shareRandomCell: steps=105 | 05 45 63 A9 64 A9 36 59 11 08 45 61 A9 62 A9 36 59 20 00 45 68 A9 59 26 03 45 60 6B 13 66 10 50 65 50 47 59 42 A9 9A 67 51 87 60 01 11 40 67 68 10 5E 53 6D 50 60 57 62 53 90 48 66 11 EA 29 66 68 11 57 62 66 61 11 66 62 11 12 57 62 66 63 11 66 64 11 12 EA 53 90 46 51 63 3B 6E 12 0E 35 11 01 10 52 66 11 1D 6C 11 52 || setup 01 00 00 1D 18 01 46 01 00 4B 02 00 4E 07 07 07 4D 00 0A 08 4C 09 09 49 00 47 45 4A 05 40 3B 6E 12 0E 35 11 01 10 B0 60 01 11 5E 30 05 40 3B 6E 12 0E 35 11 01 10 48 50
shareRandomCell+hoistSharedHelpers: steps=113 | 51 17 3B 6E 12 0E 35 11 01 10 52 66 11 1D 6C 11 52 05 45 63 01 01 49 A9 64 A9 36 59 31 08 45 61 A9 62 A9 36 59 40 00 45 68 A9 59 46 03 45 60 6B 13 66 10 50 65 50 47 59 63 A9 9A 67 53 @109 8A 60 01 11 40 67 68 10 5E 74 6D 50 60 57 83 53 02 48 66 11 EA 29 66 68 11 57 83 66 61 11 66 62 11 12 57 83 66 63 11 66 64 11 12 5E @112 53 02 46 51 84 52 || setup 01 00 00 1D 18 01 46 00 47 45 01 00 4B 02 00 4E 07 07 07 4D 00 0A 08 4C 01 07 4A 05 40 3B 6E 12 0E 35 11 01 10 B0 60 01 11 5E 29 05 40 3B 6E 12 0E 35 11 01 10 48 50
tailBranchInversion: steps=109 | 05 45 63 AA 64 AA 36 59 11 08 45 61 AA 62 AA 36 59 20 00 45 68 AA 59 26 03 45 60 6B 13 66 10 50 65 50 47 59 42 AA 99 67 51 @107 60 01 11 40 67 68 10 5E 53 6D 50 60 57 70 3B 6E 12 0E 35 11 01 10 48 66 11 57 70 89 29 66 11 1D 6C 11 52 66 68 11 57 70 66 61 11 66 62 11 12 57 70 66 63 11 66 64 11 12 E9 3B 6E 12 0E 35 11 01 10 46 8D || setup 01 00 00 1D 18 01 46 01 00 4B 02 00 4E 07 07 07 4D 00 0A 08 4C 00 47 45 49 07 01 4A 05 40 3B 6E 12 0E 35 11 01 10 B0 60 01 11 5E 30 05 40 3B 6E 12 0E 35 11 01 10 48 50
hoistSharedHelpers+canonicalizeIfChains+tailBranchInversion: steps=117 | 51 08 66 11 1D 6C 11 52 05 45 63 02 49 A9 64 A9 36 59 21 08 45 61 A9 62 A9 36 59 30 00 45 68 A9 59 36 03 45 60 6B 13 66 10 50 65 50 47 59 53 A9 9A 67 53 @113 8A 60 01 11 40 67 68 10 5E 64 6D 50 60 57 81 3B 6E 12 0E 35 11 01 10 48 66 11 57 81 8A 29 66 68 11 57 81 66 61 11 66 62 11 12 57 81 66 63 11 66 64 11 12 5E @116 3B 6E 12 0E 35 11 01 10 46 51 82 52 || setup 01 00 00 1D 18 01 46 00 47 45 01 00 4B 02 00 4E 07 07 07 4D 00 0A 08 4C 00 08 4A 05 40 3B 6E 12 0E 35 11 01 10 B0 60 01 11 5E 29 05 40 3B 6E 12 0E 35 11 01 10 48 50
guardedPrologueGadgets: steps=107 | 05 45 63 AA 64 AA 36 59 11 08 45 61 AA 62 AA 36 59 20 00 45 68 AA 59 26 03 45 60 6B 13 66 10 50 65 50 47 59 80 AA 99 67 8D 66 11 1D 6C 11 52 66 68 11 57 @106 66 61 11 66 62 11 12 57 @106 66 63 11 66 64 11 12 E9 3B 6E 12 0E 35 11 01 10 46 51 47 60 01 11 40 67 68 10 5E 91 6D 50 60 57 @106 3B 6E 12 0E 35 11 01 10 48 66 11 E9 29 || setup 01 00 00 1D 18 01 46 01 00 4B 02 00 4E 07 07 07 4D 00 0A 08 4C 00 47 45 49 04 01 4A 05 40 3B 6E 12 0E 35 11 01 10 B0 60 01 11 5E 30 05 40 3B 6E 12 0E 35 11 01 10 48 50
guardedPrologueGadgets+hoistSharedHelpers+hoistProcs: steps=116 | 51 42 66 11 1D 6C 11 52 29 66 68 11 7A 66 61 11 66 62 11 12 7A 66 63 11 66 64 11 12 5E 41 3B 6E 12 0E 35 11 01 10 46 51 09 52 05 45 63 02 49 A9 64 A9 36 59 55 08 45 61 A9 62 A9 36 59 64 00 45 68 A9 59 70 03 45 60 6B 13 66 10 50 65 50 47 59 89 A9 59 42 67 53 38 51 42 60 01 11 40 67 68 10 5E A0 6D 50 60 7A 3B 6E 12 0E 35 11 01 10 48 66 11 5E 42 8A || setup 01 00 00 1D 18 01 46 00 47 45 01 00 4B 02 00 4E 07 07 07 4D 00 0A 08 4C 08 4A 05 40 3B 6E 12 0E 35 11 01 10 B0 60 01 11 5E 28 05 40 3B 6E 12 0E 35 11 01 10 48 50
sharedBitMaskHelperCalls: steps=107 | 05 45 63 AA 64 AA 36 59 11 08 45 61 AA 62 AA 36 59 20 00 45 68 AA 59 26 03 45 60 6B 13 66 10 50 65 50 47 59 80 AA 99 67 8D 66 11 1D 6C 11 52 66 68 11 57 @106 66 61 11 66 62 11 12 57 @106 66 63 11 66 64 11 12 E9 3B 6E 12 0E 35 11 01 10 46 51 47 60 01 11 40 67 68 10 5E 91 6D 50 60 57 @106 3B 6E 12 0E 35 11 01 10 48 66 11 E9 29 || setup 01 00 00 1D 18 01 46 01 00 4B 02 00 4E 07 07 07 4D 00 0A 08 4C 00 47 45 49 04 01 4A 05 40 3B 6E 12 0E 35 11 01 10 B0 60 01 11 5E 30 05 40 3B 6E 12 0E 35 11 01 10 48 50
sharedBitMaskHelperCalls+hoistSharedHelpers: steps=115 | 51 08 66 11 1D 6C 11 52 05 45 63 02 49 A9 64 A9 36 59 21 08 45 61 A9 62 A9 36 59 30 00 45 68 A9 59 36 03 45 60 6B 13 66 10 50 65 50 47 59 53 A9 9A 67 53 @111 8A 60 01 11 40 67 68 10 5E 64 6D 50 60 57 79 3B 6E 12 0E 35 11 01 10 48 66 11 EA 29 66 68 11 57 79 66 61 11 66 62 11 12 57 79 66 63 11 66 64 11 12 5E @114 3B 6E 12 0E 35 11 01 10 46 51 80 52 || setup 01 00 00 1D 18 01 46 00 47 45 01 00 4B 02 00 4E 07 07 07 4D 00 0A 08 4C 00 08 4A 05 40 3B 6E 12 0E 35 11 01 10 B0 60 01 11 5E 29 05 40 3B 6E 12 0E 35 11 01 10 48 50
