primary: steps=109 | 65 0E 50 11 31 04 11 5E 29 68 50 02 11 57 18 02 40 8B 69 50 07 11 5E 26 01 8A 07 40 8B 03 10 5E 57 66 50 04 11 57 41 04 8A 67 50 03 11 57 49 03 8A 64 50 08 11 57 84 08 8A 01 11 5E 78 66 50 04 11 57 68 8C 69 50 03 11 5E 75 8D 03 40 8B 53 86 6E 60 12 50 00 50 66 50 04 11 57 93 8C 63 50 09 11 57 A1 09 8A 68 50 02 11 57 84 02 8A || setup 09 01 1D 18 01 43 02 44 05 45 06 46 07 47 08 48 09 49 00 41 01 00 00 00 00 00 00 4E 01 06 4A 08 00 4B 03 09 4C 02 04 4D 50
aggressiveTerminalDirect: steps=109 | 65 0E 50 11 31 04 11 5E 29 68 50 02 11 57 18 02 40 8B 69 50 07 11 5E 26 01 8A 07 40 8B 03 10 5E 57 66 50 04 11 57 41 04 8A 67 50 03 11 57 49 03 8A 64 50 08 11 57 84 08 8A 01 11 5E 78 66 50 04 11 57 68 8C 69 50 03 11 5E 75 8D 03 40 8B 53 86 6E 60 12 50 00 50 66 50 04 11 57 93 8C 63 50 09 11 57 A1 09 8A 68 50 02 11 57 84 02 8A || setup 09 01 1D 18 01 43 02 44 05 45 06 46 07 47 08 48 09 49 00 41 01 00 00 00 00 00 00 4E 01 06 4A 08 00 4B 03 09 4C 02 04 4D 50
invertBranchOrder: steps=109 | 65 0E 50 11 31 04 11 5E 29 68 50 02 11 57 18 02 40 8B 69 50 07 11 5E 26 01 8A 07 40 8B 03 10 5E 57 66 50 04 11 57 41 04 8A 67 50 03 11 57 49 03 8A 64 50 08 11 57 84 08 8A 01 11 5E 78 66 50 04 11 57 68 8C 69 50 03 11 5E 75 8D 03 40 8B 53 86 6E 60 12 50 00 50 66 50 04 11 57 93 8C 63 50 09 11 57 A1 09 8A 68 50 02 11 57 84 02 8A || setup 09 01 1D 18 01 43 02 44 05 45 06 46 07 47 08 48 09 49 00 41 01 00 00 00 00 00 00 4E 01 06 4A 08 00 4B 03 09 4C 02 04 4D 50
aggressiveTerminalDirect+invertBranchOrder: steps=109 | 65 0E 50 11 31 04 11 5E 29 68 50 02 11 57 18 02 40 8B 69 50 07 11 5E 26 01 8A 07 40 8B 03 10 5E 57 66 50 04 11 57 41 04 8A 67 50 03 11 57 49 03 8A 64 50 08 11 57 84 08 8A 01 11 5E 78 66 50 04 11 57 68 8C 69 50 03 11 5E 75 8D 03 40 8B 53 86 6E 60 12 50 00 50 66 50 04 11 57 93 8C 63 50 09 11 57 A1 09 8A 68 50 02 11 57 84 02 8A || setup 09 01 1D 18 01 43 02 44 05 45 06 46 07 47 08 48 09 49 00 41 01 00 00 00 00 00 00 4E 01 06 4A 08 00 4B 03 09 4C 02 04 4D 50
hoistSharedHelpers: steps=109 | 65 0E 50 11 31 04 11 5E 29 68 50 02 11 57 18 02 40 8B 69 50 07 11 5E 26 01 8A 07 40 8B 03 10 5E 57 66 50 04 11 57 41 04 8A 67 50 03 11 57 49 03 8A 64 50 08 11 57 84 08 8A 01 11 5E 78 66 50 04 11 57 68 8C 69 50 03 11 5E 75 8D 03 40 8B 53 86 6E 60 12 50 00 50 66 50 04 11 57 93 8C 63 50 09 11 57 A1 09 8A 68 50 02 11 57 84 02 8A || setup 09 01 1D 18 01 43 02 44 05 45 06 46 07 47 08 48 09 49 00 41 01 00 00 00 00 00 00 4E 01 06 4A 08 00 4B 03 09 4C 02 04 4D 50
hoistSharedHelpers+hoistProcs: steps=123 | 51 36 6E 60 12 50 00 50 66 50 04 11 57 18 04 40 51 02 63 50 09 11 57 27 09 51 15 68 50 02 11 57 06 02 51 15 65 0E 50 11 31 04 11 5E 66 68 50 02 11 57 53 51 33 69 50 07 11 5E 62 01 51 15 07 40 51 02 03 10 5E 97 66 50 04 11 57 79 04 51 15 67 50 03 11 57 88 03 51 15 64 50 08 11 57 06 08 51 15 01 11 5E @121 66 50 04 11 57 @109 51 76 69 50 03 11 5E @117 51 59 03 40 51 02 53 08 || setup 09 01 1D 18 01 43 02 44 05 45 06 46 07 47 08 48 09 49 00 41 06 15 4E 50
canonicalizeIfChains: steps=109 | 65 0E 50 11 31 04 11 5E 29 68 50 02 11 57 18 02 40 8B 69 50 07 11 5E 26 01 8A 07 40 8B 03 10 5E 57 66 50 04 11 57 41 04 8A 67 50 03 11 57 49 03 8A 64 50 08 11 57 84 08 8A 01 11 5E 78 66 50 04 11 57 68 8C 69 50 03 11 5E 75 8D 03 40 8B 53 86 6E 60 12 50 00 50 66 50 04 11 57 93 8C 63 50 09 11 57 A1 09 8A 68 50 02 11 57 84 02 8A || setup 09 01 1D 18 01 43 02 44 05 45 06 46 07 47 08 48 09 49 00 41 01 00 00 00 00 00 00 4E 01 06 4A 08 00 4B 03 09 4C 02 04 4D 50
freeResidualDispatchScratch: steps=109 | 65 0E 50 11 31 04 11 5E 29 68 50 02 11 57 18 02 40 8B 69 50 07 11 5E 26 01 8A 07 40 8B 03 10 5E 57 66 50 04 11 57 41 04 8A 67 50 03 11 57 49 03 8A 64 50 08 11 57 84 08 8A 01 11 5E 78 66 50 04 11 57 68 8C 69 50 03 11 5E 75 8D 03 40 8B 53 86 6E 60 12 50 00 50 66 50 04 11 57 93 8C 63 50 09 11 57 A1 09 8A 68 50 02 11 57 84 02 8A || setup 09 01 1D 18 01 43 02 44 05 45 06 46 07 47 08 48 09 49 00 41 01 00 00 00 00 00 00 4E 01 06 4A 08 00 4B 03 09 4C 02 04 4D 50
aliasXReuse: steps=109 | 65 0E 50 11 31 04 11 5E 29 68 50 02 11 57 18 02 40 8B 69 50 07 11 5E 26 01 8A 07 40 8B 03 10 5E 57 66 50 04 11 57 41 04 8A 67 50 03 11 57 49 03 8A 64 50 08 11 57 84 08 8A 01 11 5E 78 66 50 04 11 57 68 8C 69 50 03 11 5E 75 8D 03 40 8B 53 86 6E 60 12 50 00 50 66 50 04 11 57 93 8C 63 50 09 11 57 A1 09 8A 68 50 02 11 57 84 02 8A || setup 09 01 1D 18 01 43 02 44 05 45 06 46 07 47 08 48 09 49 00 41 01 00 00 00 00 00 00 4E 01 06 4A 08 00 4B 03 09 4C 02 04 4D 50
coalesceCopies: steps=109 | 65 0E 50 11 31 04 11 5E 29 68 50 02 11 57 18 02 40 8B 69 50 07 11 5E 26 01 8A 07 40 8B 03 10 5E 57 66 50 04 11 57 41 04 8A 67 50 03 11 57 49 03 8A 64 50 08 11 57 84 08 8A 01 11 5E 78 66 50 04 11 57 68 8C 69 50 03 11 5E 75 8D 03 40 8B 53 86 6E 60 12 50 00 50 66 50 04 11 57 93 8C 63 50 09 11 57 A1 09 8A 68 50 02 11 57 84 02 8A || setup 09 01 1D 18 01 43 02 44 05 45 06 46 07 47 08 48 09 49 00 41 01 00 00 00 00 00 00 4E 01 06 4A 08 00 4B 03 09 4C 02 04 4D 50
freeResidualDispatchScratch+canonicalizeIfChains: steps=109 | 65 0E 50 11 31 04 11 5E 29 68 50 02 11 57 18 02 40 8B 69 50 07 11 5E 26 01 8A 07 40 8B 03 10 5E 57 66 50 04 11 57 41 04 8A 67 50 03 11 57 49 03 8A 64 50 08 11 57 84 08 8A 01 11 5E 78 66 50 04 11 57 68 8C 69 50 03 11 5E 75 8D 03 40 8B 53 86 6E 60 12 50 00 50 66 50 04 11 57 93 8C 63 50 09 11 57 A1 09 8A 68 50 02 11 57 84 02 8A || setup 09 01 1D 18 01 43 02 44 05 45 06 46 07 47 08 48 09 49 00 41 01 00 00 00 00 00 00 4E 01 06 4A 08 00 4B 03 09 4C 02 04 4D 50
repeatedUnaryUpdateArgTemp: steps=109 | 65 0E 50 11 31 04 11 5E 29 68 50 02 11 57 18 02 40 8B 69 50 07 11 5E 26 01 8A 07 40 8B 03 10 5E 57 66 50 04 11 57 41 04 8A 67 50 03 11 57 49 03 8A 64 50 08 11 57 84 08 8A 01 11 5E 78 66 50 04 11 57 68 8C 69 50 03 11 5E 75 8D 03 40 8B 53 86 6E 60 12 50 00 50 66 50 04 11 57 93 8C 63 50 09 11 57 A1 09 8A 68 50 02 11 57 84 02 8A || setup 09 01 1D 18 01 43 02 44 05 45 06 46 07 47 08 48 09 49 00 41 01 00 00 00 00 00 00 4E 01 06 4A 08 00 4B 03 09 4C 02 04 4D 50
xParamValueFunction: steps=109 | 65 0E 50 11 31 04 11 5E 29 68 50 02 11 57 18 02 40 8B 69 50 07 11 5E 26 01 8A 07 40 8B 03 10 5E 57 66 50 04 11 57 41 04 8A 67 50 03 11 57 49 03 8A 64 50 08 11 57 84 08 8A 01 11 5E 78 66 50 04 11 57 68 8C 69 50 03 11 5E 75 8D 03 40 8B 53 86 6E 60 12 50 00 50 66 50 04 11 57 93 8C 63 50 09 11 57 A1 09 8A 68 50 02 11 57 84 02 8A || setup 09 01 1D 18 01 43 02 44 05 45 06 46 07 47 08 48 09 49 00 41 01 00 00 00 00 00 00 4E 01 06 4A 08 00 4B 03 09 4C 02 04 4D 50
xParamValueFunction+repeatedUnaryUpdateArgTemp: steps=109 | 65 0E 50 11 31 04 11 5E 29 68 50 02 11 57 18 02 40 8B 69 50 07 11 5E 26 01 8A 07 40 8B 03 10 5E 57 66 50 04 11 57 41 04 8A 67 50 03 11 57 49 03 8A 64 50 08 11 57 84 08 8A 01 11 5E 78 66 50 04 11 57 68 8C 69 50 03 11 5E 75 8D 03 40 8B 53 86 6E 60 12 50 00 50 66 50 04 11 57 93 8C 63 50 09 11 57 A1 09 8A 68 50 02 11 57 84 02 8A || setup 09 01 1D 18 01 43 02 44 05 45 06 46 07 47 08 48 09 49 00 41 01 00 00 00 00 00 00 4E 01 06 4A 08 00 4B 03 09 4C 02 04 4D 50
xParamValueFunction+repeatedUnaryUpdateArgTemp+coalesceCopies: steps=109 | 65 0E 50 11 31 04 11 5E 29 68 50 02 11 57 18 02 40 8B 69 50 07 11 5E 26 01 8A 07 40 8B 03 10 5E 57 66 50 04 11 57 41 04 8A 67 50 03 11 57 49 03 8A 64 50 08 11 57 84 08 8A 01 11 5E 78 66 50 04 11 57 68 8C 69 50 03 11 5E 75 8D 03 40 8B 53 86 6E 60 12 50 00 50 66 50 04 11 57 93 8C 63 50 09 11 57 A1 09 8A 68 50 02 11 57 84 02 8A || setup 09 01 1D 18 01 43 02 44 05 45 06 46 07 47 08 48 09 49 00 41 01 00 00 00 00 00 00 4E 01 06 4A 08 00 4B 03 09 4C 02 04 4D 50
shareRandomCell: steps=109 | 65 0E 50 11 31 04 11 5E 29 68 50 02 11 57 18 02 40 8B 69 50 07 11 5E 26 01 8A 07 40 8B 03 10 5E 57 66 50 04 11 57 41 04 8A 67 50 03 11 57 49 03 8A 64 50 08 11 57 84 08 8A 01 11 5E 78 66 50 04 11 57 68 8C 69 50 03 11 5E 75 8D 03 40 8B 53 86 6E 60 12 50 00 50 66 50 04 11 57 93 8C 63 50 09 11 57 A1 09 8A 68 50 02 11 57 84 02 8A || setup 09 01 1D 18 01 43 02 44 05 45 06 46 07 47 08 48 09 49 00 41 01 00 00 00 00 00 00 4E 01 06 4A 08 00 4B 03 09 4C 02 04 4D 50
shareRandomCell+hoistSharedHelpers: steps=109 | 65 0E 50 11 31 04 11 5E 29 68 50 02 11 57 18 02 40 8B 69 50 07 11 5E 26 01 8A 07 40 8B 03 10 5E 57 66 50 04 11 57 41 04 8A 67 50 03 11 57 49 03 8A 64 50 08 11 57 84 08 8A 01 11 5E 78 66 50 04 11 57 68 8C 69 50 03 11 5E 75 8D 03 40 8B 53 86 6E 60 12 50 00 50 66 50 04 11 57 93 8C 63 50 09 11 57 A1 09 8A 68 50 02 11 57 84 02 8A || setup 09 01 1D 18 01 43 02 44 05 45 06 46 07 47 08 48 09 49 00 41 01 00 00 00 00 00 00 4E 01 06 4A 08 00 4B 03 09 4C 02 04 4D 50
tailBranchInversion: steps=103 | 65 0E 50 11 31 04 11 5E 29 68 50 02 11 57 18 02 40 8B 69 50 07 11 5E 26 01 8A 07 40 8B 03 10 5E 57 66 50 04 11 57 41 04 8A 67 50 03 11 57 49 03 8A 64 50 08 11 57 80 08 8A 01 11 5E 74 66 50 04 11 EC 69 50 03 11 7D 03 40 8B 53 82 6E 60 12 50 00 50 66 50 04 11 EC 63 50 09 11 57 95 09 8A 68 50 02 11 57 80 02 8A || setup 09 01 1D 18 01 43 02 44 05 45 06 46 07 47 08 48 09 49 00 41 01 00 00 00 00 00 00 4E 01 06 4A 07 06 4B 03 09 4C 02 04 4D 50
hoistSharedHelpers+canonicalizeIfChains+tailBranchInversion: steps=103 | 65 0E 50 11 31 04 11 5E 29 68 50 02 11 57 18 02 40 8B 69 50 07 11 5E 26 01 8A 07 40 8B 03 10 5E 57 66 50 04 11 57 41 04 8A 67 50 03 11 57 49 03 8A 64 50 08 11 57 80 08 8A 01 11 5E 74 66 50 04 11 EC 69 50 03 11 7D 03 40 8B 53 82 6E 60 12 50 00 50 66 50 04 11 EC 63 50 09 11 57 95 09 8A 68 50 02 11 57 80 02 8A || setup 09 01 1D 18 01 43 02 44 05 45 06 46 07 47 08 48 09 49 00 41 01 00 00 00 00 00 00 4E 01 06 4A 07 06 4B 03 09 4C 02 04 4D 50
guardedPrologueGadgets: steps=109 | 65 0E 50 11 31 04 11 5E 29 68 50 02 11 57 18 02 40 8B 69 50 07 11 5E 26 01 8A 07 40 8B 03 10 5E 57 66 50 04 11 57 41 04 8A 67 50 03 11 57 49 03 8A 64 50 08 11 57 84 08 8A 01 11 5E 78 66 50 04 11 57 68 8C 69 50 03 11 5E 75 8D 03 40 8B 53 86 6E 60 12 50 00 50 66 50 04 11 57 93 8C 63 50 09 11 57 A1 09 8A 68 50 02 11 57 84 02 8A || setup 09 01 1D 18 01 43 02 44 05 45 06 46 07 47 08 48 09 49 00 41 01 00 00 00 00 00 00 4E 01 06 4A 08 00 4B 03 09 4C 02 04 4D 50
guardedPrologueGadgets+hoistSharedHelpers+hoistProcs: steps=123 | 51 36 6E 60 12 50 00 50 66 50 04 11 57 18 04 40 51 02 63 50 09 11 57 27 09 51 15 68 50 02 11 57 06 02 51 15 65 0E 50 11 31 04 11 5E 66 68 50 02 11 57 53 51 33 69 50 07 11 5E 62 01 51 15 07 40 51 02 03 10 5E 97 66 50 04 11 57 79 04 51 15 67 50 03 11 57 88 03 51 15 64 50 08 11 57 06 08 51 15 01 11 5E @121 66 50 04 11 57 @109 51 76 69 50 03 11 5E @117 51 59 03 40 51 02 53 08 || setup 09 01 1D 18 01 43 02 44 05 45 06 46 07 47 08 48 09 49 00 41 06 15 4E 50
sharedBitMaskHelperCalls: steps=109 | 65 0E 50 11 31 04 11 5E 29 68 50 02 11 57 18 02 40 8B 69 50 07 11 5E 26 01 8A 07 40 8B 03 10 5E 57 66 50 04 11 57 41 04 8A 67 50 03 11 57 49 03 8A 64 50 08 11 57 84 08 8A 01 11 5E 78 66 50 04 11 57 68 8C 69 50 03 11 5E 75 8D 03 40 8B 53 86 6E 60 12 50 00 50 66 50 04 11 57 93 8C 63 50 09 11 57 A1 09 8A 68 50 02 11 57 84 02 8A || setup 09 01 1D 18 01 43 02 44 05 45 06 46 07 47 08 48 09 49 00 41 01 00 00 00 00 00 00 4E 01 06 4A 08 00 4B 03 09 4C 02 04 4D 50
sharedBitMaskHelperCalls+hoistSharedHelpers: steps=109 | 65 0E 50 11 31 04 11 5E 29 68 50 02 11 57 18 02 40 8B 69 50 07 11 5E 26 01 8A 07 40 8B 03 10 5E 57 66 50 04 11 57 41 04 8A 67 50 03 11 57 49 03 8A 64 50 08 11 57 84 08 8A 01 11 5E 78 66 50 04 11 57 68 8C 69 50 03 11 5E 75 8D 03 40 8B 53 86 6E 60 12 50 00 50 66 50 04 11 57 93 8C 63 50 09 11 57 A1 09 8A 68 50 02 11 57 84 02 8A || setup 09 01 1D 18 01 43 02 44 05 45 06 46 07 47 08 48 09 49 00 41 01 00 00 00 00 00 00 4E 01 06 4A 08 00 4B 03 09 4C 02 04 4D 50
