primary: steps=98 | 61 5E 87 6A 50 6C 1D C7 68 6E 11 48 5C 17 69 50 87 03 45 01 46 00 41 00 40 5E 36 3B 6B 12 0E 35 11 40 51 25 B6 61 5E 44 60 41 51 50 6B 61 12 60 10 41 65 01 11 45 57 23 62 63 10 64 10 05 13 35 5E 70 6E 68 10 48 63 62 11 E7 6D 68 10 48 64 63 11 E7 6D 68 10 48 87 50 6C 1D 97 5E 95 68 50 00 41 87 || setup 04 15 48 01 46 00 40 45 41 01 00 4B 6B 22 4C 03 15 4E 03 00 00 00 4D 01 01 03 3A 4A 01 6A 14 54 0C 0C 02 4A 01 02 06 06 00 02 04 0E 09 08 08 09 00 08 09 39 49 01 03 3A 35 69 14 54 0C 0C 06 49 00 47 50
aggressiveTerminalDirect: steps=98 | 61 5E 87 6A 50 6C 1D C7 68 6E 11 48 5C 17 69 50 87 03 45 01 46 00 41 00 40 5E 36 3B 6B 12 0E 35 11 40 51 25 B6 61 5E 44 60 41 51 50 6B 61 12 60 10 41 65 01 11 45 57 23 62 63 10 64 10 05 13 35 5E 70 6E 68 10 48 63 62 11 E7 6D 68 10 48 64 63 11 E7 6D 68 10 48 87 50 6C 1D 97 5E 95 68 50 00 41 87 || setup 04 15 48 01 46 00 40 45 41 01 00 4B 6B 22 4C 03 15 4E 03 00 00 00 4D 01 01 03 3A 4A 01 6A 14 54 0C 0C 02 4A 01 02 06 06 00 02 04 0E 09 08 08 09 00 08 09 39 49 01 03 3A 35 69 14 54 0C 0C 06 49 00 47 50
invertBranchOrder: steps=97 | 61 57 14 50 6C 1D 97 5E 11 68 50 00 41 87 6A 50 6C 1D C7 68 6E 11 48 5C 28 69 50 87 03 45 01 46 00 41 00 40 5E 47 3B 6B 12 0E 35 11 40 51 36 B6 61 57 58 6B 61 12 60 10 41 51 60 41 65 01 11 45 57 34 62 63 10 64 10 05 13 35 5E 80 6E 68 10 48 63 62 11 E7 6D 68 10 48 64 63 11 E7 6D 68 10 48 87 || setup 04 15 48 01 46 00 40 45 41 01 00 4B 6B 22 4C 03 15 4E 03 00 00 00 4D 01 01 03 3A 4A 01 6A 14 54 0C 0C 02 4A 01 02 06 06 00 02 04 0E 09 08 08 09 00 08 09 39 49 01 03 3A 35 69 14 54 0C 0C 06 49 00 47 50
aggressiveTerminalDirect+invertBranchOrder: steps=97 | 61 57 14 50 6C 1D 97 5E 11 68 50 00 41 87 6A 50 6C 1D C7 68 6E 11 48 5C 28 69 50 87 03 45 01 46 00 41 00 40 5E 47 3B 6B 12 0E 35 11 40 51 36 B6 61 57 58 6B 61 12 60 10 41 51 60 41 65 01 11 45 57 34 62 63 10 64 10 05 13 35 5E 80 6E 68 10 48 63 62 11 E7 6D 68 10 48 64 63 11 E7 6D 68 10 48 87 || setup 04 15 48 01 46 00 40 45 41 01 00 4B 6B 22 4C 03 15 4E 03 00 00 00 4D 01 01 03 3A 4A 01 6A 14 54 0C 0C 02 4A 01 02 06 06 00 02 04 0E 09 08 08 09 00 08 09 39 49 01 03 3A 35 69 14 54 0C 0C 06 49 00 47 50
hoistSharedHelpers: steps=98 | 61 5E 87 6A 50 6C 1D C7 68 6E 11 48 5C 17 69 50 87 03 45 01 46 00 41 00 40 5E 36 3B 6B 12 0E 35 11 40 51 25 B6 61 5E 44 60 41 51 50 6B 61 12 60 10 41 65 01 11 45 57 23 62 63 10 64 10 05 13 35 5E 70 6E 68 10 48 63 62 11 E7 6D 68 10 48 64 63 11 E7 6D 68 10 48 87 50 6C 1D 97 5E 95 68 50 00 41 87 || setup 04 15 48 01 46 00 40 45 41 01 00 4B 6B 22 4C 03 15 4E 03 00 00 00 4D 01 01 03 3A 4A 01 6A 14 54 0C 0C 02 4A 01 02 06 06 00 02 04 0E 09 08 08 09 00 08 09 39 49 01 03 3A 35 69 14 54 0C 0C 06 49 00 47 50
hoistSharedHelpers+hoistProcs: steps=98 | 61 5E 87 6A 50 6C 1D C7 68 6E 11 48 5C 17 69 50 87 03 45 01 46 00 41 00 40 5E 36 3B 6B 12 0E 35 11 40 51 25 B6 61 5E 44 60 41 51 50 6B 61 12 60 10 41 65 01 11 45 57 23 62 63 10 64 10 05 13 35 5E 70 6E 68 10 48 63 62 11 E7 6D 68 10 48 64 63 11 E7 6D 68 10 48 87 50 6C 1D 97 5E 95 68 50 00 41 87 || setup 04 15 48 01 46 00 40 45 41 01 00 4B 6B 22 4C 03 15 4E 03 00 00 00 4D 01 01 03 3A 4A 01 6A 14 54 0C 0C 02 4A 01 02 06 06 00 02 04 0E 09 08 08 09 00 08 09 39 49 01 03 3A 35 69 14 54 0C 0C 06 49 00 47 50
canonicalizeIfChains: steps=98 | 61 5E 87 6A 50 6C 1D C7 68 6E 11 48 5C 17 69 50 87 03 45 01 46 00 41 00 40 5E 36 3B 6B 12 0E 35 11 40 51 25 B6 61 5E 44 60 41 51 50 6B 61 12 60 10 41 65 01 11 45 57 23 62 63 10 64 10 05 13 35 5E 70 6E 68 10 48 63 62 11 E7 6D 68 10 48 64 63 11 E7 6D 68 10 48 87 50 6C 1D 97 5E 95 68 50 00 41 87 || setup 04 15 48 01 46 00 40 45 41 01 00 4B 6B 22 4C 03 15 4E 03 00 00 00 4D 01 01 03 3A 4A 01 6A 14 54 0C 0C 02 4A 01 02 06 06 00 02 04 0E 09 08 08 09 00 08 09 39 49 01 03 3A 35 69 14 54 0C 0C 06 49 00 47 50
freeResidualDispatchScratch: steps=98 | 61 5E 87 6A 50 6C 1D C7 68 6E 11 48 5C 17 69 50 87 03 45 01 46 00 41 00 40 5E 36 3B 6B 12 0E 35 11 40 51 25 B6 61 5E 44 60 41 51 50 6B 61 12 60 10 41 65 01 11 45 57 23 62 63 10 64 10 05 13 35 5E 70 6E 68 10 48 63 62 11 E7 6D 68 10 48 64 63 11 E7 6D 68 10 48 87 50 6C 1D 97 5E 95 68 50 00 41 87 || setup 04 15 48 01 46 00 40 45 41 01 00 4B 6B 22 4C 03 15 4E 03 00 00 00 4D 01 01 03 3A 4A 01 6A 14 54 0C 0C 02 4A 01 02 06 06 00 02 04 0E 09 08 08 09 00 08 09 39 49 01 03 3A 35 69 14 54 0C 0C 06 49 00 47 50
aliasXReuse: steps=98 | 61 5E 87 6A 50 6C 1D C7 68 6E 11 48 5C 17 69 50 87 03 45 01 46 00 41 00 40 5E 36 3B 6B 12 0E 35 11 40 51 25 B6 61 5E 44 60 41 51 50 6B 61 12 60 10 41 65 01 11 45 57 23 62 63 10 64 10 05 13 35 5E 70 6E 68 10 48 63 62 11 E7 6D 68 10 48 64 63 11 E7 6D 68 10 48 87 50 6C 1D 97 5E 95 68 50 00 41 87 || setup 04 15 48 01 46 00 40 45 41 01 00 4B 6B 22 4C 03 15 4E 03 00 00 00 4D 01 01 03 3A 4A 01 6A 14 54 0C 0C 02 4A 01 02 06 06 00 02 04 0E 09 08 08 09 00 08 09 39 49 01 03 3A 35 69 14 54 0C 0C 06 49 00 47 50
coalesceCopies: steps=98 | 61 5E 87 6A 50 6C 1D C7 68 6E 11 48 5C 17 69 50 87 03 45 01 46 00 41 00 40 5E 36 3B 6B 12 0E 35 11 40 51 25 B6 61 5E 44 60 41 51 50 6B 61 12 60 10 41 65 01 11 45 57 23 62 63 10 64 10 05 13 35 5E 70 6E 68 10 48 63 62 11 E7 6D 68 10 48 64 63 11 E7 6D 68 10 48 87 50 6C 1D 97 5E 95 68 50 00 41 87 || setup 04 15 48 01 46 00 40 45 41 01 00 4B 6B 22 4C 03 15 4E 03 00 00 00 4D 01 01 03 3A 4A 01 6A 14 54 0C 0C 02 4A 01 02 06 06 00 02 04 0E 09 08 08 09 00 08 09 39 49 01 03 3A 35 69 14 54 0C 0C 06 49 00 47 50
freeResidualDispatchScratch+canonicalizeIfChains: steps=98 | 61 5E 87 6A 50 6C 1D C7 68 6E 11 48 5C 17 69 50 87 03 45 01 46 00 41 00 40 5E 36 3B 6B 12 0E 35 11 40 51 25 B6 61 5E 44 60 41 51 50 6B 61 12 60 10 41 65 01 11 45 57 23 62 63 10 64 10 05 13 35 5E 70 6E 68 10 48 63 62 11 E7 6D 68 10 48 64 63 11 E7 6D 68 10 48 87 50 6C 1D 97 5E 95 68 50 00 41 87 || setup 04 15 48 01 46 00 40 45 41 01 00 4B 6B 22 4C 03 15 4E 03 00 00 00 4D 01 01 03 3A 4A 01 6A 14 54 0C 0C 02 4A 01 02 06 06 00 02 04 0E 09 08 08 09 00 08 09 39 49 01 03 3A 35 69 14 54 0C 0C 06 49 00 47 50
repeatedUnaryUpdateArgTemp: steps=98 | 61 5E 87 6A 50 6C 1D C7 68 6E 11 48 5C 17 69 50 87 03 45 01 46 00 41 00 40 5E 36 3B 6B 12 0E 35 11 40 51 25 B6 61 5E 44 60 41 51 50 6B 61 12 60 10 41 65 01 11 45 57 23 62 63 10 64 10 05 13 35 5E 70 6E 68 10 48 63 62 11 E7 6D 68 10 48 64 63 11 E7 6D 68 10 48 87 50 6C 1D 97 5E 95 68 50 00 41 87 || setup 04 15 48 01 46 00 40 45 41 01 00 4B 6B 22 4C 03 15 4E 03 00 00 00 4D 01 01 03 3A 4A 01 6A 14 54 0C 0C 02 4A 01 02 06 06 00 02 04 0E 09 08 08 09 00 08 09 39 49 01 03 3A 35 69 14 54 0C 0C 06 49 00 47 50
xParamValueFunction: steps=98 | 61 5E 87 6A 50 6C 1D C7 68 6E 11 48 5C 17 69 50 87 03 45 01 46 00 41 00 40 5E 36 3B 6B 12 0E 35 11 40 51 25 B6 61 5E 44 60 41 51 50 6B 61 12 60 10 41 65 01 11 45 57 23 62 63 10 64 10 05 13 35 5E 70 6E 68 10 48 63 62 11 E7 6D 68 10 48 64 63 11 E7 6D 68 10 48 87 50 6C 1D 97 5E 95 68 50 00 41 87 || setup 04 15 48 01 46 00 40 45 41 01 00 4B 6B 22 4C 03 15 4E 03 00 00 00 4D 01 01 03 3A 4A 01 6A 14 54 0C 0C 02 4A 01 02 06 06 00 02 04 0E 09 08 08 09 00 08 09 39 49 01 03 3A 35 69 14 54 0C 0C 06 49 00 47 50
xParamValueFunction+repeatedUnaryUpdateArgTemp: steps=98 | 61 5E 87 6A 50 6C 1D C7 68 6E 11 48 5C 17 69 50 87 03 45 01 46 00 41 00 40 5E 36 3B 6B 12 0E 35 11 40 51 25 B6 61 5E 44 60 41 51 50 6B 61 12 60 10 41 65 01 11 45 57 23 62 63 10 64 10 05 13 35 5E 70 6E 68 10 48 63 62 11 E7 6D 68 10 48 64 63 11 E7 6D 68 10 48 87 50 6C 1D 97 5E 95 68 50 00 41 87 || setup 04 15 48 01 46 00 40 45 41 01 00 4B 6B 22 4C 03 15 4E 03 00 00 00 4D 01 01 03 3A 4A 01 6A 14 54 0C 0C 02 4A 01 02 06 06 00 02 04 0E 09 08 08 09 00 08 09 39 49 01 03 3A 35 69 14 54 0C 0C 06 49 00 47 50
xParamValueFunction+repeatedUnaryUpdateArgTemp+coalesceCopies: steps=98 | 61 5E 87 6A 50 6C 1D C7 68 6E 11 48 5C 17 69 50 87 03 45 01 46 00 41 00 40 5E 36 3B 6B 12 0E 35 11 40 51 25 B6 61 5E 44 60 41 51 50 6B 61 12 60 10 41 65 01 11 45 57 23 62 63 10 64 10 05 13 35 5E 70 6E 68 10 48 63 62 11 E7 6D 68 10 48 64 63 11 E7 6D 68 10 48 87 50 6C 1D 97 5E 95 68 50 00 41 87 || setup 04 15 48 01 46 00 40 45 41 01 00 4B 6B 22 4C 03 15 4E 03 00 00 00 4D 01 01 03 3A 4A 01 6A 14 54 0C 0C 02 4A 01 02 06 06 00 02 04 0E 09 08 08 09 00 08 09 39 49 01 03 3A 35 69 14 54 0C 0C 06 49 00 47 50
shareRandomCell: steps=98 | 61 5E 87 6A 50 6C 1D C7 68 6E 11 48 5C 17 69 50 87 03 45 01 46 00 41 00 40 5E 36 3B 6B 12 0E 35 11 40 51 25 B6 61 5E 44 60 41 51 50 6B 61 12 60 10 41 65 01 11 45 57 23 62 63 10 64 10 05 13 35 5E 70 6E 68 10 48 63 62 11 E7 6D 68 10 48 64 63 11 E7 6D 68 10 48 87 50 6C 1D 97 5E 95 68 50 00 41 87 || setup 04 15 48 01 46 00 40 45 41 01 00 4B 6B 22 4C 03 15 4E 03 00 00 00 4D 01 01 03 3A 4A 01 6A 14 54 0C 0C 02 4A 01 02 06 06 00 02 04 0E 09 08 08 09 00 08 09 39 49 01 03 3A 35 69 14 54 0C 0C 06 49 00 47 50
shareRandomCell+hoistSharedHelpers: steps=98 | 61 5E 87 6A 50 6C 1D C7 68 6E 11 48 5C 17 69 50 87 03 45 01 46 00 41 00 40 5E 36 3B 6B 12 0E 35 11 40 51 25 B6 61 5E 44 60 41 51 50 6B 61 12 60 10 41 65 01 11 45 57 23 62 63 10 64 10 05 13 35 5E 70 6E 68 10 48 63 62 11 E7 6D 68 10 48 64 63 11 E7 6D 68 10 48 87 50 6C 1D 97 5E 95 68 50 00 41 87 || setup 04 15 48 01 46 00 40 45 41 01 00 4B 6B 22 4C 03 15 4E 03 00 00 00 4D 01 01 03 3A 4A 01 6A 14 54 0C 0C 02 4A 01 02 06 06 00 02 04 0E 09 08 08 09 00 08 09 39 49 01 03 3A 35 69 14 54 0C 0C 06 49 00 47 50
tailBranchInversion: steps=98 | 61 5E 87 6A 50 6C 1D C7 68 6E 11 48 5C 17 69 50 87 03 45 01 46 00 41 00 40 5E 36 3B 6B 12 0E 35 11 40 51 25 B6 61 5E 44 60 41 51 50 6B 61 12 60 10 41 65 01 11 45 57 23 62 63 10 64 10 05 13 35 5E 70 6E 68 10 48 63 62 11 E7 6D 68 10 48 64 63 11 E7 6D 68 10 48 87 50 6C 1D 97 5E 95 68 50 00 41 87 || setup 04 15 48 01 46 00 40 45 41 01 00 4B 6B 22 4C 03 15 4E 03 00 00 00 4D 01 01 03 3A 4A 01 6A 14 54 0C 0C 02 4A 01 02 06 06 00 02 04 0E 09 08 08 09 00 08 09 39 49 01 03 3A 35 69 14 54 0C 0C 06 49 00 47 50
hoistSharedHelpers+canonicalizeIfChains+tailBranchInversion: steps=98 | 61 5E 87 6A 50 6C 1D C7 68 6E 11 48 5C 17 69 50 87 03 45 01 46 00 41 00 40 5E 36 3B 6B 12 0E 35 11 40 51 25 B6 61 5E 44 60 41 51 50 6B 61 12 60 10 41 65 01 11 45 57 23 62 63 10 64 10 05 13 35 5E 70 6E 68 10 48 63 62 11 E7 6D 68 10 48 64 63 11 E7 6D 68 10 48 87 50 6C 1D 97 5E 95 68 50 00 41 87 || setup 04 15 48 01 46 00 40 45 41 01 00 4B 6B 22 4C 03 15 4E 03 00 00 00 4D 01 01 03 3A 4A 01 6A 14 54 0C 0C 02 4A 01 02 06 06 00 02 04 0E 09 08 08 09 00 08 09 39 49 01 03 3A 35 69 14 54 0C 0C 06 49 00 47 50
guardedPrologueGadgets: steps=98 | 61 5E 87 6A 50 6C 1D C7 68 6E 11 48 5C 17 69 50 87 03 45 01 46 00 41 00 40 5E 36 3B 6B 12 0E 35 11 40 51 25 B6 61 5E 44 60 41 51 50 6B 61 12 60 10 41 65 01 11 45 57 23 62 63 10 64 10 05 13 35 5E 70 6E 68 10 48 63 62 11 E7 6D 68 10 48 64 63 11 E7 6D 68 10 48 87 50 6C 1D 97 5E 95 68 50 00 41 87 || setup 04 15 48 01 46 00 40 45 41 01 00 4B 6B 22 4C 03 15 4E 03 00 00 00 4D 01 01 03 3A 4A 01 6A 14 54 0C 0C 02 4A 01 02 06 06 00 02 04 0E 09 08 08 09 00 08 09 39 49 01 03 3A 35 69 14 54 0C 0C 06 49 00 47 50
guardedPrologueGadgets+hoistSharedHelpers+hoistProcs: steps=98 | 61 5E 87 6A 50 6C 1D C7 68 6E 11 48 5C 17 69 50 87 03 45 01 46 00 41 00 40 5E 36 3B 6B 12 0E 35 11 40 51 25 B6 61 5E 44 60 41 51 50 6B 61 12 60 10 41 65 01 11 45 57 23 62 63 10 64 10 05 13 35 5E 70 6E 68 10 48 63 62 11 E7 6D 68 10 48 64 63 11 E7 6D 68 10 48 87 50 6C 1D 97 5E 95 68 50 00 41 87 || setup 04 15 48 01 46 00 40 45 41 01 00 4B 6B 22 4C 03 15 4E 03 00 00 00 4D 01 01 03 3A 4A 01 6A 14 54 0C 0C 02 4A 01 02 06 06 00 02 04 0E 09 08 08 09 00 08 09 39 49 01 03 3A 35 69 14 54 0C 0C 06 49 00 47 50
sharedBitMaskHelperCalls: steps=98 | 61 5E 87 6A 50 6C 1D C7 68 6E 11 48 5C 17 69 50 87 03 45 01 46 00 41 00 40 5E 36 3B 6B 12 0E 35 11 40 51 25 B6 61 5E 44 60 41 51 50 6B 61 12 60 10 41 65 01 11 45 57 23 62 63 10 64 10 05 13 35 5E 70 6E 68 10 48 63 62 11 E7 6D 68 10 48 64 63 11 E7 6D 68 10 48 87 50 6C 1D 97 5E 95 68 50 00 41 87 || setup 04 15 48 01 46 00 40 45 41 01 00 4B 6B 22 4C 03 15 4E 03 00 00 00 4D 01 01 03 3A 4A 01 6A 14 54 0C 0C 02 4A 01 02 06 06 00 02 04 0E 09 08 08 09 00 08 09 39 49 01 03 3A 35 69 14 54 0C 0C 06 49 00 47 50
sharedBitMaskHelperCalls+hoistSharedHelpers: steps=98 | 61 5E 87 6A 50 6C 1D C7 68 6E 11 48 5C 17 69 50 87 03 45 01 46 00 41 00 40 5E 36 3B 6B 12 0E 35 11 40 51 25 B6 61 5E 44 60 41 51 50 6B 61 12 60 10 41 65 01 11 45 57 23 62 63 10 64 10 05 13 35 5E 70 6E 68 10 48 63 62 11 E7 6D 68 10 48 64 63 11 E7 6D 68 10 48 87 50 6C 1D 97 5E 95 68 50 00 41 87 || setup 04 15 48 01 46 00 40 45 41 01 00 4B 6B 22 4C 03 15 4E 03 00 00 00 4D 01 01 03 3A 4A 01 6A 14 54 0C 0C 02 4A 01 02 06 06 00 02 04 0E 09 08 08 09 00 08 09 39 49 01 03 3A 35 69 14 54 0C 0C 06 49 00 47 50
